listing_id,high,medium,low
7142618,0.064,0.355,0.581
7210040,0.296,0.373,0.331
7103890,0.027,0.16,0.813
7143442,0.114,0.418,0.468
6860601,0.021,0.213,0.766
6840081,0.001,0.1,0.899
6922337,0.054,0.389,0.557
6913616,0.24315,0.39285,0.364
6937820,0.104,0.224,0.672
6893933,0.045,0.416,0.539
6832604,0.005,0.0265,0.9685
6915282,0.199,0.515,0.286
7127565,0.053,0.3475,0.5995
6827899,0.082,0.169,0.749
6934855,0.009,0.062,0.929
6861826,0.027,0.274,0.699
6871643,0.096,0.272,0.632
6842542,0.019,0.106666666667,0.874333333333
6934145,0.025,0.152,0.823
6829365,0.129,0.423,0.448
7167858,0.045,0.355,0.6
6859483,0.082,0.451333333333,0.466666666667
6861377,0.074,0.199,0.727
6848960,0.126266666667,0.27,0.603733333333
6918850,0.0324,0.1616,0.806
6916867,0.16,0.367,0.473
6895840,0.021,0.172,0.807
6813539,0.386,0.46,0.154
7116900,0.095,0.36,0.545
6890328,0.364,0.338330952381,0.297669047619
6879406,0.087,0.292,0.621
6824924,0.171,0.352,0.477
6911302,0.075,0.20585,0.71915
6918742,0.064,0.759,0.177
6910586,0.016,0.084,0.9
6821750,0.036,0.234,0.73
6860647,0.052,0.399,0.549
6932873,0.139,0.342,0.519
6846053,0.035,0.193,0.772
6940365,0.121,0.292,0.587
6931867,0.03,0.21,0.76
6876383,0.135,0.23,0.635
6910980,0.221,0.397,0.382
6880877,0.16,0.276,0.564
6839552,0.121,0.518,0.361
6838051,0.211,0.452,0.337
6928201,0.347,0.256,0.397
6945608,0.167,0.584,0.249
6816147,0.093,0.214,0.693
6868129,0.091,0.388,0.521
6849448,0.064,0.282,0.654
7113677,0.32,0.397,0.283
6930856,0.045,0.347,0.608
6889594,0.195,0.471,0.334
6842682,0.027,0.2225,0.7505
6880366,0.187333333333,0.343666666667,0.469
6835063,0.028,0.162,0.81
6820479,0.27,0.321,0.409
6882057,0.025,0.146,0.829
6834440,0.12,0.383,0.497
6880846,0.019,0.172,0.809
6847248,0.034,0.148,0.818
6868368,0.007,0.038,0.955
6943505,0.023,0.233,0.744
7174304,0.073,0.299833333333,0.627166666667
6880747,0.081,0.307,0.612
6933565,0.082,0.351,0.567
6888511,0.009,0.027,0.964
6942704,0.058,0.335,0.607
6840304,0.122,0.359,0.519
6856860,0.038,0.227,0.735
6884921,0.045,0.143,0.812
6937417,0.04,0.158,0.802
6831129,0.007,0.026,0.967
6936660,0.19,0.242,0.568
6940667,0.018,0.142,0.84
7201307,0.006,0.058,0.936
6825434,0.029,0.262,0.709
6848114,0.093,0.210566666667,0.696433333333
6947758,0.388,0.329,0.283
6897002,0.105,0.356,0.539
6926661,0.005,0.14,0.855
6867411,0.11975,0.33225,0.548
6910154,0.049,0.2614,0.6896
7157900,0.058,0.254,0.688
6922324,0.056,0.392,0.552
6863068,0.0415,0.3995,0.559
6912109,0.034,0.249,0.717
6918609,0.029,0.265,0.706
6889300,0.187,0.3,0.513
6837794,0.143,0.35,0.507
6943098,0.164,0.196,0.64
6927601,0.13,0.332,0.538
6897826,0.046,0.358,0.596
6882892,0.006,0.023,0.971
6873384,0.309,0.391,0.3
6934693,0.051,0.388,0.561
7224450,0.084,0.334,0.582
6898157,0.097,0.1674,0.7356
6837355,0.015,0.179,0.806
6830595,0.1365,0.562,0.3015
6943561,0.208,0.383,0.409
6844380,0.269,0.354,0.377
6814286,0.039,0.194,0.767
6898520,0.0996666666667,0.479333333333,0.421
6940979,0.357,0.32775,0.31525
6851090,0.241,0.402,0.357
7107169,0.049,0.365,0.586
6830287,0.132,0.27,0.598
6933575,0.0686666666667,0.539333333333,0.392
6938972,0.041,0.15,0.809
6888315,0.003,0.032,0.965
6855106,0.018,0.162,0.82
6838237,0.196,0.558,0.246
6901024,0.094,0.410916666667,0.495083333333
6846627,0.06,0.181,0.759
7219857,0.031,0.237,0.732
6852685,0.076,0.24,0.684
6831610,0.105,0.394,0.501
6943538,0.072,0.473,0.455
6911637,0.034,0.171,0.795
6854543,0.02,0.242,0.738
6940451,0.07,0.327,0.603
6819530,0.337766666667,0.321233333333,0.341
7093396,0.059,0.243,0.698
6840326,0.026,0.194,0.78
6834204,0.053,0.191,0.756
6902518,0.171,0.31,0.519
6930253,0.07925,0.346,0.57475
6828293,0.004,0.108,0.888
7203744,0.447,0.171366666667,0.381633333333
6816478,0.175,0.337,0.488
6868890,0.016,0.1,0.884
6879338,0.074,0.4,0.526
6898532,0.1,0.331,0.569
6899965,0.107,0.1575,0.7355
7133875,0.009,0.063,0.928
6822218,0.124,0.282,0.594
6814018,0.464,0.273,0.263
6896376,0.114,0.42475,0.46125
6918670,0.121,0.344,0.535
6867839,0.007,0.05,0.943
6823554,0.027,0.155,0.818
6934798,0.143,0.255,0.602
6820823,0.133,0.383,0.484
6880212,0.026,0.089,0.885
6934814,0.012,0.155,0.833
7254134,0.113,0.243,0.644
6938303,0.239,0.533,0.228
6813807,0.168,0.3861,0.4459
6878604,0.027,0.099,0.874
6876763,0.064,0.289,0.647
6844352,0.012,0.176,0.812
6915939,0.315,0.34,0.345
7109370,0.079,0.3835,0.5375
6855445,0.12,0.148,0.732
6818668,0.072,0.237,0.691
6836527,0.033,0.085,0.882
6831717,0.05,0.223,0.727
6937162,0.152,0.3875,0.4605
6922876,0.007,0.045,0.948
7109482,0.079,0.434,0.487
6940972,0.118,0.481566666667,0.400433333333
6883790,0.116,0.403833333333,0.480166666667
6921643,0.052,0.29,0.658
6935700,0.052,0.246,0.702
6827025,0.074,0.356,0.57
6943096,0.061,0.254,0.685
7161468,0.034,0.218,0.748
6879610,0.04,0.2785,0.6815
6935762,0.071,0.276,0.653
6925042,0.018,0.0883333333333,0.893666666667
7121050,0.038,0.21,0.752
6821601,0.173,0.281,0.546
6926810,0.022,0.091,0.887
6946532,0.037,0.268,0.695
6875171,0.076,0.345333333333,0.578666666667
7096285,0.202,0.31,0.488
6812321,0.064,0.35,0.586
6822697,0.099,0.233,0.668
6941294,0.016,0.198,0.786
6873564,0.014,0.02,0.966
6926791,0.026,0.325,0.649
7142444,0.559,0.318,0.123
6878128,0.18,0.5085,0.3115
6927428,0.099,0.285,0.616
6812674,0.003,0.004,0.993
6881774,0.1865,0.377,0.4365
7167797,0.017,0.149,0.834
6865238,0.173,0.524,0.303
6841710,0.077,0.328,0.595
6856334,0.024,0.066,0.91
6906462,0.023,0.243,0.734
6837438,0.11025,0.341,0.54875
6908277,0.147,0.501666666667,0.351333333333
6841291,0.033,0.183,0.784
6915178,0.25825,0.42075,0.321
6893031,0.129,0.429,0.442
6894985,0.212,0.3645,0.4235
6931134,0.172,0.344,0.484
6872264,0.352,0.357,0.291
6816953,0.124916666667,0.348,0.527083333333
7163518,0.206,0.452,0.342
6893253,0.092,0.265,0.643
6943822,0.106,0.399,0.495
6946313,0.064,0.308166666667,0.627833333333
6839443,0.047,0.097,0.856
6911338,0.123,0.258,0.619
7223877,0.403,0.266,0.331
6917884,0.042,0.477,0.481
6823126,0.051,0.284,0.665
6939488,0.204,0.262,0.534
7196924,0.085,0.386,0.529
6905685,0.045,0.303,0.652
6894092,0.034,0.286,0.68
6812181,0.049,0.284,0.667
6854610,0.039,0.345,0.616
6873754,0.1,0.261,0.639
6859181,0.838,0.0820666666667,0.0799333333333
6825402,0.035,0.168,0.797
6819526,0.027,0.225,0.748
6896065,0.016,0.096,0.888
6931793,0.066,0.30275,0.63125
6907360,0.107,0.1985,0.6945
6813182,0.06,0.373,0.567
6823959,0.064,0.189,0.747
6942189,0.207,0.492,0.301
6844384,0.033,0.235,0.732
6836888,0.322083333333,0.336916666667,0.341
6917844,0.05,0.311,0.639
6937842,0.103,0.386,0.511
6926917,0.128,0.274,0.598
7160740,0.043,0.4425,0.5145
6936310,0.063,0.464,0.473
6849109,0.218,0.453,0.329
6831018,0.001,0.017,0.982
6909842,0.028,0.155,0.817
6861360,0.025,0.238,0.737
6883414,0.16,0.328,0.512
6876026,0.065,0.5574,0.3776
7095390,0.032,0.124,0.844
6932265,0.381,0.36,0.259
6870949,0.051,0.328,0.621
6831335,0.044,0.246,0.71
6895698,0.136,0.32625,0.53775
6889889,0.157,0.331,0.512
6876679,0.043,0.227433333333,0.729566666667
6947097,0.507,0.242,0.251
6874970,0.106,0.15,0.744
6831069,0.41,0.317666666667,0.272333333333
6833628,0.069,0.16,0.771
6819282,0.1,0.324,0.576
6825025,0.053,0.321,0.626
6856513,0.031,0.234,0.735
6928711,0.02,0.032,0.948
6832548,0.216,0.294,0.49
6881870,0.037,0.304,0.659
6866978,0.387,0.371,0.242
7163400,0.206,0.452,0.342
6917187,0.369,0.2815,0.3495
6927475,0.091,0.279,0.63
6903243,0.063,0.156,0.781
6876188,0.056,0.316,0.628
6922219,0.037,0.237,0.726
7104085,0.002,0.003,0.995
6920897,0.141,0.346,0.513
6812177,0.054,0.364,0.582
6941047,0.06,0.452,0.488
6827609,0.058,0.26,0.682
6934328,0.06,0.19125,0.74875
6937556,0.384,0.318,0.298
6879765,0.092,0.606,0.302
6942927,0.044,0.152,0.804
6945170,0.097,0.317,0.586
6901915,0.129,0.308,0.563
6824475,0.063,0.31,0.627
6832968,0.0935,0.343166666667,0.563333333333
7166718,0.0,0.021,0.979
6905079,0.028,0.35775,0.61425
6940297,0.185,0.507,0.308
6911080,0.086,0.364,0.55
6917208,0.121,0.399,0.48
6858925,0.031,0.639,0.33
7169883,0.11,0.469,0.421
6944112,0.317,0.446,0.237
6885816,0.076,0.19,0.734
6837733,0.023,0.139,0.838
6828658,0.1355,0.168,0.6965
6839429,0.186,0.382,0.432
7164794,0.037,0.267,0.696
6837661,0.1975,0.328,0.4745
6883255,0.046,0.371,0.583
6833054,0.104,0.276,0.62
7675463,0.082,0.365,0.553
6871526,0.185,0.291566666667,0.523433333333
6876295,0.129,0.307,0.564
7204045,0.008,0.134,0.858
6840357,0.112,0.417,0.471
6917531,0.023,0.17,0.807
6886057,0.313,0.347,0.34
6833734,0.087,0.282333333333,0.630666666667
6908098,0.058,0.281,0.661
6860562,0.022,0.229,0.749
6859167,0.221,0.329097619048,0.449902380952
6812141,0.068,0.33,0.602
6919431,0.008,0.145,0.847
6869389,0.07,0.271,0.659
6906034,0.056,0.133,0.811
7108495,0.0,0.011,0.989
6864681,0.064,0.266,0.67
6893982,0.013,0.1665,0.8205
6862160,0.022,0.287,0.691
6854804,0.08,0.385,0.535
7143164,0.02,0.235,0.745
6936651,0.079,0.308833333333,0.612166666667
6837450,0.04,0.19,0.77
6908259,0.616,0.20625,0.17775
6916539,0.071,0.206,0.723
6947176,0.091,0.27,0.639
6933958,0.266,0.397,0.337
6816549,0.194,0.432,0.374
6876117,0.006,0.121,0.873
6848605,0.089,0.31,0.601
6840659,0.079,0.204,0.717
6823496,0.204,0.375,0.421
6912609,0.002,0.008,0.99
7097937,0.041,0.144,0.815
6924524,0.046,0.421,0.533
6938236,0.09,0.1925,0.7175
6865751,0.005,0.01,0.985
6936323,0.007,0.09,0.903
6868422,0.133,0.49,0.377
7210133,0.043,0.205,0.752
7215631,0.054,0.213,0.733
6940189,0.041,0.26175,0.69725
6888941,0.013,0.069,0.918
6831598,0.078,0.322,0.6
6939963,0.022,0.171333333333,0.806666666667
6897175,0.3788,0.354,0.2672
6816167,0.07,0.310833333333,0.619166666667
6812965,0.054,0.387,0.559
7149372,0.26,0.467,0.273
6875959,0.006,0.073,0.921
6925644,0.077,0.419,0.504
6874269,0.058,0.259,0.683
6814721,0.079,0.228,0.693
6922432,0.039,0.388,0.573
6858861,0.016,0.078,0.906
6835339,0.002,0.002,0.996
6896997,0.163,0.35,0.487
6921134,0.016,0.192,0.792
6883685,0.202,0.331,0.467
6911406,0.003,0.006,0.991
6825733,0.421,0.277,0.302
6884462,0.359,0.417,0.224
6858682,0.027,0.1,0.873
6894013,0.176,0.354,0.47
6856391,0.299,0.274,0.427
6828064,0.024,0.164,0.812
6817336,0.008,0.062,0.93
6819178,0.146,0.251,0.603
7147339,0.149,0.34,0.511
6887757,0.205,0.417,0.378
6946859,0.088,0.27,0.642
6855963,0.035,0.17525,0.78975
6839828,0.124,0.36,0.516
6870806,0.114,0.482,0.404
6880221,0.052,0.3165,0.6315
6921809,0.066,0.247,0.687
6897069,0.057,0.228,0.715
6897157,0.177,0.339,0.484
6898912,0.029,0.196,0.775
6856271,0.133,0.246916666667,0.620083333333
6888381,0.004,0.005,0.991
7099191,0.001,0.107,0.892
6917882,0.112,0.382,0.506
6931260,0.018,0.181,0.801
6849996,0.069,0.318,0.613
6887973,0.086,0.272,0.642
6850205,0.272,0.409,0.319
6845657,0.102,0.299,0.599
6930302,0.043,0.213,0.744
6852391,0.094,0.221,0.685
6920411,0.263,0.234166666667,0.502833333333
6907999,0.014,0.172,0.814
6864094,0.054,0.237,0.709
6813852,0.102,0.348,0.55
7232295,0.32,0.373,0.307
6896558,0.104,0.369,0.527
6858919,0.067,0.443,0.49
6847828,0.064,0.209,0.727
6925116,0.12,0.331666666667,0.548333333333
6854687,0.114,0.340166666667,0.545833333333
6946415,0.084,0.491,0.425
6827859,0.036,0.122,0.842
6884313,0.213,0.449,0.338
6848651,0.047,0.42,0.533
7136298,0.036,0.273,0.691
6874534,0.051,0.153,0.796
6908942,0.381,0.303,0.316
6894718,0.02,0.174,0.806
6876449,0.1185,0.3345,0.547
6825630,0.11,0.381,0.509
7155655,0.058,0.254,0.688
7201310,0.034,0.167,0.799
6864334,0.034,0.247,0.719
6876658,0.015,0.246,0.739
6842370,0.103,0.21025,0.68675
6835467,0.344,0.243333333333,0.412666666667
7227368,0.092,0.229,0.679
6859482,0.093,0.20025,0.70675
6878641,0.041,0.267,0.692
6869916,0.0,0.001,0.999
6841060,0.015,0.217,0.768
6887832,0.02,0.151,0.829
6905898,0.045,0.206,0.749
7104742,0.211333333333,0.344666666667,0.444
6948090,0.027,0.168,0.805
6839851,0.076,0.348,0.576
6934051,0.045,0.217,0.738
6888727,0.122,0.423,0.455
7167478,0.009,0.067,0.924
6892109,0.159,0.471,0.37
6908544,0.565,0.259,0.176
6921725,0.045,0.283,0.672
6932343,0.07,0.577,0.353
6914309,0.01,0.118166666667,0.871833333333
6919805,0.127,0.4095,0.4635
6947828,0.087,0.275,0.638
6920362,0.094,0.253,0.653
7110179,0.43,0.357333333333,0.212666666667
6877834,0.187,0.459,0.354
6876966,0.152,0.288,0.56
6823918,0.0956666666667,0.350766666667,0.553566666667
6871243,0.015,0.153,0.832
6928189,0.173,0.343333333333,0.483666666667
6852455,0.071,0.187,0.742
7208631,0.05,0.274,0.676
6831811,0.197,0.546,0.257
6904276,0.06,0.117,0.823
6831589,0.118,0.374,0.508
6901814,0.095,0.34,0.565
6854667,0.462,0.192333333333,0.345666666667
7192650,0.057,0.282,0.661
6836299,0.025,0.237,0.738
6887919,0.026,0.1655,0.8085
6927679,0.046,0.399,0.555
6855908,0.181,0.271,0.548
6854766,0.014,0.089,0.897
6847472,0.067,0.172,0.761
6862519,0.063,0.287,0.65
6938819,0.333,0.189,0.478
6945434,0.14,0.235,0.625
6832722,0.663,0.176,0.161
6852707,0.057,0.249,0.694
7177680,0.039,0.343,0.618
6834945,0.002,0.007,0.991
6890316,0.046,0.333,0.621
6816620,0.044,0.15,0.806
6945175,0.016,0.112,0.872
6914016,0.049,0.236,0.715
6852619,0.1124,0.2656,0.622
6813211,0.182,0.44,0.378
6820546,0.034,0.193,0.773
6836128,0.036,0.047,0.917
6850557,0.109,0.666,0.225
6864997,0.09,0.126,0.784
6883705,0.018,0.0915,0.8905
6898767,0.008,0.211,0.781
6866020,0.072,0.265,0.663
7126382,0.524,0.322,0.154
6847427,0.20055,0.393,0.40645
6841013,0.102,0.28,0.618
6909469,0.004,0.004,0.992
6922473,0.008,0.0755,0.9165
6925906,0.098,0.328833333333,0.573166666667
6946014,0.15,0.397,0.453
6820739,0.024,0.2445,0.7315
6927559,0.254,0.315,0.431
7174772,0.014,0.175,0.811
6931036,0.03,0.383,0.587
6918163,0.023,0.297,0.68
6893604,0.124,0.289,0.587
6868844,0.064,0.289,0.647
6814537,0.383,0.310291666667,0.306708333333
6916118,0.005,0.021,0.974
6838509,0.079,0.439,0.482
6919725,0.285,0.34,0.375
6932476,0.0,0.012,0.988
6860496,0.073,0.32,0.607
7156799,0.107,0.542,0.351
6837521,0.101,0.46,0.439
6913204,0.07,0.38875,0.54125
6947516,0.127,0.348,0.525
6838117,0.043,0.126,0.831
6933366,0.06,0.277,0.663
7134198,0.037,0.386,0.577
6898450,0.125,0.398,0.477
6819926,0.109,0.359,0.532
6947698,0.067,0.244,0.689
6838721,0.13,0.19,0.68
6936661,0.149,0.33975,0.51125
6912257,0.078,0.179,0.743
6905569,0.022,0.057,0.921
6927167,0.243,0.312,0.445
7150689,0.009,0.084,0.907
6820358,0.091,0.296,0.613
6945045,0.104083333333,0.401,0.494916666667
6866884,0.059,0.249,0.692
6820658,0.154,0.328,0.518
6826462,0.045,0.456,0.499
6932390,0.118,0.2975,0.5845
6905031,0.211,0.386,0.403
6923011,0.058,0.166,0.776
6908504,0.155,0.457,0.388
6881050,0.2,0.334,0.466
6892968,0.033,0.2,0.767
7346996,0.205,0.382,0.413
6876206,0.042,0.235,0.723
6813475,0.097,0.3395,0.5635
7190057,0.053,0.124,0.823
6838465,0.123,0.414,0.463
6899364,0.06,0.208,0.732
6891616,0.013,0.085,0.902
6836715,0.047,0.156,0.797
6829616,0.029,0.201,0.77
6829144,0.1232,0.379,0.4978
6893064,0.038,0.267,0.695
6861300,0.004,0.108,0.888
6926847,0.072,0.407,0.521
6894021,0.075,0.242,0.683
6897946,0.049,0.237,0.714
6835716,0.09,0.420333333333,0.489666666667
6832160,0.261,0.308,0.431
6835291,0.084,0.227,0.689
6945184,0.051,0.19,0.759
7140488,0.044,0.331,0.625
6937850,0.069,0.27075,0.66025
6899603,0.066,0.123,0.811
6903105,0.149,0.3575,0.4935
6828476,0.048,0.293,0.659
6835098,0.001,0.024,0.975
6830512,0.179333333333,0.446,0.374666666667
6879997,0.11,0.309,0.581
7131517,0.08,0.416333333333,0.503666666667
6835955,0.161,0.367,0.472
6875250,0.15,0.279,0.571
6932794,0.077,0.387,0.536
6948263,0.064,0.349,0.587
6867201,0.213,0.484,0.303
6882748,0.118,0.292166666667,0.589833333333
6902842,0.299,0.3345,0.3665
6847535,0.053,0.371,0.576
6825267,0.051,0.26,0.689
6909277,0.04,0.108,0.852
7152429,0.29125,0.37175,0.337
6931179,0.0,0.058,0.942
6896746,0.176,0.382,0.442
6937073,0.02,0.112,0.868
6934627,0.003,0.014,0.983
6887878,0.171,0.334,0.495
6921531,0.033,0.232,0.735
6897461,0.018,0.061,0.921
6862066,0.167,0.265,0.568
6851531,0.151,0.321733333333,0.527266666667
6928550,0.117,0.2375,0.6455
6945851,0.052,0.331,0.617
6946955,0.053,0.177,0.77
6869136,0.21,0.409,0.381
6908667,0.085,0.3365,0.5785
6820525,0.159,0.375,0.466
6887970,0.094,0.576,0.33
6848365,0.051,0.416,0.533
6816173,0.036,0.227,0.737
6900732,0.037,0.136,0.827
6815786,0.081,0.366,0.553
6945972,0.198,0.387,0.415
6848445,0.124,0.3235,0.5525
6856486,0.168,0.411,0.421
6867010,0.071,0.315,0.614
6828257,0.227,0.2365,0.5365
6871807,0.063,0.319,0.618
7212966,0.002,0.012,0.986
6889959,0.15,0.3736,0.4764
6915510,0.011,0.116,0.873
6905402,0.025,0.131,0.844
6826100,0.135,0.387,0.478
6848893,0.019,0.198,0.783
7155647,0.225,0.253,0.522
6812883,0.2162,0.6138,0.17
6866095,0.017,0.119,0.864
6931127,0.039,0.249,0.712
6829407,0.014,0.1735,0.8125
6867548,0.332416666667,0.300583333333,0.367
7132575,0.035,0.407,0.558
6890847,0.085,0.355,0.56
6916429,0.022,0.186,0.792
6884716,0.577333333333,0.287666666667,0.135
6896897,0.298,0.371733333333,0.330266666667
6941572,0.098,0.262,0.64
6945277,0.116,0.368,0.516
7133293,0.027,0.111,0.862
7213385,0.012,0.09,0.898
6831928,0.102,0.322,0.576
6932687,0.026,0.253,0.721
6873877,0.06,0.343,0.597
7135459,0.17,0.356,0.474
6876620,0.002,0.064,0.934
6936163,0.013,0.186,0.801
6912398,0.192,0.334,0.474
6917655,0.051,0.339,0.61
6941149,0.042,0.238,0.72
6941378,0.069,0.392,0.539
6882453,0.034,0.293,0.673
7119160,0.092,0.278928571429,0.629071428571
6868451,0.078,0.397,0.525
6945881,0.099,0.43,0.471
6822541,0.08,0.241,0.679
6884355,0.085,0.557,0.358
7132247,0.057,0.281,0.662
6872049,0.14,0.368,0.492
6890740,0.017,0.051,0.932
6840897,0.231,0.35375,0.41525
6847694,0.111,0.39,0.499
6938196,0.007,0.208,0.785
6939526,0.063,0.299,0.638
6917529,0.008,0.025,0.967
6885636,0.009,0.097,0.894
7202614,0.003,0.018,0.979
6926453,0.212,0.37,0.418
6844636,0.115,0.221,0.664
6879293,0.382,0.3075,0.3105
6924780,0.072,0.401166666667,0.526833333333
6881024,0.052,0.129,0.819
6851374,0.172,0.357,0.471
6850953,0.06,0.203,0.737
6892292,0.0283333333333,0.113,0.858666666667
6886159,0.003,0.209,0.788
6849877,0.109,0.441,0.45
6940840,0.031,0.182666666667,0.786333333333
6926838,0.03,0.264,0.706
6879243,0.162,0.308,0.53
6944286,0.136,0.304,0.56
6915587,0.248333333333,0.541666666667,0.21
6881904,0.136,0.24,0.624
7154358,0.256,0.24,0.504
6899258,0.036,0.307,0.657
6855460,0.224,0.522,0.254
6864884,0.066,0.31125,0.62275
6868209,0.149,0.331,0.52
6853834,0.066,0.263,0.671
7210020,0.133,0.397,0.47
6933228,0.065,0.243,0.692
6929227,0.1095,0.3775,0.513
7192346,0.15725,0.342333333333,0.500416666667
6928834,0.014,0.166,0.82
6812269,0.045,0.31,0.645
6851446,0.076,0.196,0.728
6930820,0.003,0.097,0.9
6875310,0.17,0.242,0.588
6932397,0.105,0.384,0.511
6904291,0.052,0.177,0.771
6921642,0.063,0.494666666667,0.442333333333
7136057,0.129833333333,0.176,0.694166666667
6920815,0.03,0.137,0.833
6861757,0.204,0.376,0.42
6934222,0.231,0.486,0.283
6946448,0.055,0.238,0.707
6890569,0.123,0.4655,0.4115
6884477,0.109,0.333,0.558
7145006,0.023,0.231,0.746
6893718,0.0,0.077,0.923
6893330,0.018,0.177,0.805
6901780,0.003,0.039,0.958
6815738,0.101,0.339,0.56
6917209,0.058,0.289,0.653
6904227,0.027,0.122,0.851
6894402,0.002,0.041,0.957
7146083,0.0543333333333,0.261,0.684666666667
6902153,0.066,0.276,0.658
6925988,0.055,0.1685,0.7765
6881323,0.028,0.141,0.831
6937405,0.259,0.2515,0.4895
7098390,0.144,0.41,0.446
6935942,0.143383333333,0.464,0.392616666667
6833510,0.063,0.397083333333,0.539916666667
6812857,0.120666666667,0.379333333333,0.5
6828441,0.170333333333,0.283666666667,0.546
6915711,0.208,0.475,0.317
6880643,0.195,0.4725,0.3325
7224930,0.044,0.361,0.595
6852614,0.006,0.062,0.932
6853816,0.073,0.235,0.692
6811964,0.119,0.388,0.493
6847800,0.051,0.255,0.694
6859897,0.111,0.383,0.506
6882929,0.017,0.126,0.857
7157584,0.045,0.22,0.735
6863444,0.043,0.056,0.901
6836902,0.037,0.24,0.723
6918960,0.114,0.46,0.426
6882854,0.069,0.37,0.561
6822755,0.02,0.113,0.867
6815184,0.23325,0.303,0.46375
6846582,0.036,0.1314,0.8326
6940309,0.0593333333333,0.187,0.753666666667
6924056,0.01,0.137,0.853
6824481,0.014,0.168,0.818
6839735,0.001,0.056,0.943
6900130,0.029,0.204,0.767
6946739,0.006,0.0395,0.9545
7144008,0.043,0.186,0.771
6863751,0.023,0.221,0.756
6820293,0.053,0.431,0.516
6818472,0.018,0.167,0.815
6832420,0.063,0.261,0.676
6879450,0.0,0.029,0.971
6943618,0.031,0.199,0.77
6883463,0.048,0.221333333333,0.730666666667
6834919,0.276,0.368833333333,0.355166666667
7505696,0.032,0.096,0.872
6903645,0.057,0.2725,0.6705
6831148,0.285,0.297,0.418
6828948,0.12,0.402666666667,0.477333333333
6878495,0.027,0.263,0.71
6924862,0.008,0.052,0.94
6887802,0.05,0.406,0.544
6903228,0.502,0.242,0.256
6947415,0.0,0.005,0.995
6941508,0.3014,0.314766666667,0.383833333333
6856111,0.027,0.312,0.661
7126808,0.057,0.23,0.713
6939857,0.037,0.163,0.8
6822528,0.270666666667,0.285,0.444333333333
6947631,0.113,0.358,0.529
6887810,0.04,0.195,0.765
6849210,0.0895,0.4355,0.475
6901742,0.001,0.032,0.967
6850925,0.358,0.357166666667,0.284833333333
7181995,0.149,0.359,0.492
6841559,0.006,0.015,0.979
6822957,0.117,0.153,0.73
6943349,0.058,0.282,0.66
6923825,0.139,0.241,0.62
6871218,0.319,0.3555,0.3255
6932761,0.158,0.277,0.565
7168983,0.078,0.327,0.595
6853713,0.181333333333,0.374666666667,0.444
6814124,0.058,0.318,0.624
6828980,0.033,0.292,0.675
6939747,0.034,0.33,0.636
6862615,0.13,0.473,0.397
6911182,0.048,0.266,0.686
6947421,0.08,0.231,0.689
7163662,0.0,0.003,0.997
6933362,0.261,0.45,0.289
6822086,0.075,0.241,0.684
6939543,0.085,0.354166666667,0.560833333333
6882675,0.14875,0.479,0.37225
6925986,0.04,0.145,0.815
6927417,0.076,0.448,0.476
6824119,0.138,0.319,0.543
6923589,0.068,0.362,0.57
7205380,0.017,0.13,0.853
6904992,0.091,0.26,0.649
6857676,0.06,0.534,0.406
6942001,0.055,0.541,0.404
7187800,0.063,0.24,0.697
6877985,0.267,0.490733333333,0.242266666667
6821414,0.032,0.13085,0.83715
6864512,0.041,0.171,0.788
6827448,0.074,0.367,0.559
6908603,0.054,0.227,0.719
7229431,0.161,0.258,0.581
6887335,0.022,0.098,0.88
6882828,0.038,0.332,0.63
6899958,0.018,0.164333333333,0.817666666667
6824008,0.128,0.364666666667,0.507333333333
6903906,0.297,0.317333333333,0.385666666667
7115894,0.417,0.227,0.356
6941723,0.048,0.34,0.612
6839785,0.206,0.422,0.372
6886776,0.033,0.148,0.819
6916643,0.016,0.037,0.947
6913846,0.074,0.373,0.553
6890122,0.017,0.109,0.874
6835099,0.027,0.182,0.791
6945428,0.143,0.3445,0.5125
6887669,0.083,0.366,0.551
6935132,0.001,0.004,0.995
6857587,0.04,0.149,0.811
6935498,0.11,0.443666666667,0.446333333333
6947868,0.118,0.491,0.391
6850003,0.066,0.336,0.598
6852354,0.219,0.3055,0.4755
6919832,0.03,0.203,0.767
6812510,0.043,0.361,0.596
6896715,0.104,0.2645,0.6315
7227507,0.047,0.236,0.717
6887453,0.036,0.333666666667,0.630333333333
6921056,0.111,0.357,0.532
6932635,0.31975,0.404,0.27625
6893393,0.007,0.08,0.913
6940659,0.092,0.351,0.557
6891517,0.003,0.061,0.936
6818991,0.067,0.308,0.625
6899307,0.187,0.3235,0.4895
7175517,0.032,0.132,0.836
6895415,0.032,0.234,0.734
6945124,0.046,0.291,0.663
6878796,0.036,0.29,0.674
6901435,0.046,0.411,0.543
7098987,0.197,0.259,0.544
6868925,0.137333333333,0.348,0.514666666667
6862452,0.252,0.449,0.299
6904865,0.005,0.029,0.966
6872445,0.067,0.366,0.567
6816856,0.207,0.338,0.455
6910410,0.002,0.119,0.879
6847518,0.03,0.401,0.569
6860992,0.075,0.292,0.633
7093387,0.037,0.367,0.596
6891540,0.242,0.2575,0.5005
6928645,0.027,0.061,0.912
6874105,0.052,0.236,0.712
6819576,0.259,0.328,0.413
6817538,0.014,0.085,0.901
6819741,0.444,0.227,0.329
6878626,0.109,0.418,0.473
6901210,0.0406666666667,0.205,0.754333333333
6888879,0.115,0.56,0.325
6888947,0.069,0.398666666667,0.532333333333
6883374,0.023,0.124,0.853
6836031,0.023,0.164,0.813
6851387,0.018,0.082,0.9
6907149,0.124,0.223,0.653
6882595,0.197,0.251,0.552
6816916,0.131,0.361,0.508
6878470,0.002,0.031,0.967
6865752,0.077,0.257,0.666
7217321,0.168,0.547,0.285
6944366,0.1426,0.3294,0.528
6918425,0.249,0.448,0.303
6821736,0.066,0.385,0.549
6936271,0.085,0.53,0.385
6874179,0.14,0.308,0.552
7135281,0.056,0.134,0.81
6942663,0.21,0.409,0.381
6903026,0.212,0.294,0.494
6824421,0.011,0.141333333333,0.847666666667
6820128,0.007,0.136,0.857
6850604,0.041,0.18,0.779
7120955,0.032,0.157,0.811
6847409,0.049,0.205,0.746
7056210,0.115,0.349,0.536
6939935,0.041,0.129,0.83
6844699,0.068,0.218,0.714
6833246,0.127,0.3443,0.5287
6845220,0.078,0.523,0.399
6824273,0.227,0.45,0.323
6873326,0.1575,0.415,0.4275
6941227,0.027,0.306,0.667
6899355,0.004,0.068,0.928
6880235,0.146,0.218,0.636
6850018,0.121,0.369,0.51
6818489,0.069,0.474,0.457
7159592,0.02,0.214,0.766
7200711,0.083,0.341,0.576
6842278,0.058,0.1815,0.7605
6829488,0.011,0.197,0.792
6916976,0.103,0.273,0.624
6863573,0.068,0.222,0.71
6900303,0.03,0.127,0.843
6830686,0.179,0.398,0.423
7088285,0.149,0.291,0.56
6875119,0.178714285714,0.383285714286,0.438
6852969,0.108,0.19,0.702
6834964,0.041,0.085,0.874
6888066,0.067,0.353,0.58
6862580,0.027,0.275,0.698
6902903,0.093,0.56,0.347
6940227,0.019,0.158,0.823
7094978,0.061,0.485,0.454
6849775,0.035,0.442,0.523
6852514,0.066,0.425,0.509
6908752,0.274,0.224,0.502
6926813,0.045,0.44,0.515
6867168,0.03,0.154,0.816
6916938,0.014,0.157,0.829
7217282,0.231,0.39,0.379
6830318,0.5,0.25,0.25
6841129,0.132,0.309,0.559
6933898,0.048,0.228,0.724
6852224,0.102,0.393,0.505
6855108,0.153,0.592,0.255
6857681,0.057,0.502,0.441
7167282,0.01,0.044,0.946
6939214,0.148,0.297,0.555
6922283,0.307,0.370333333333,0.322666666667
6859605,0.004,0.037,0.959
6904148,0.058,0.275,0.667
6882954,0.133,0.469,0.398
6939093,0.069,0.193,0.738
6831383,0.028,0.169,0.803
6894471,0.016,0.183,0.801
6931008,0.125666666667,0.447333333333,0.427
6838588,0.047,0.214333333333,0.738666666667
6851730,0.042,0.228,0.73
6911988,0.023,0.177333333333,0.799666666667
6814325,0.071,0.348,0.581
6838809,0.241,0.301,0.458
6822777,0.0925,0.35,0.5575
6887378,0.144,0.379,0.477
6913098,0.005,0.083,0.912
6936520,0.26,0.484333333333,0.255666666667
6837850,0.109,0.175,0.716
6918818,0.00975,0.155,0.83525
6897497,0.019,0.038,0.943
6936577,0.091,0.412,0.497
6826594,0.135,0.512,0.353
6865047,0.021,0.261,0.718
6823879,0.11025,0.475,0.41475
6914868,0.578,0.288,0.134
6863654,0.005,0.034,0.961
6907061,0.187,0.303,0.51
7180725,0.113,0.4015,0.4855
7205244,0.04,0.421,0.539
6856962,0.237,0.26175,0.50125
6885323,0.03,0.097,0.873
6912379,0.529,0.1795,0.2915
6858148,0.082,0.218,0.7
6814582,0.093,0.295,0.612
6940703,0.038,0.435,0.527
7181144,0.082,0.346,0.572
6825868,0.097,0.222,0.681
6889020,0.035,0.296,0.669
6869287,0.002,0.018,0.98
6871054,0.178,0.451,0.371
6870018,0.03,0.216,0.754
6895217,0.073,0.31,0.617
6855875,0.052,0.14,0.808
7185369,0.04,0.348,0.612
6848724,0.288,0.347,0.365
6912010,0.084,0.475,0.441
6911483,0.228566666667,0.366433333333,0.405
6826557,0.069,0.401,0.53
6893666,0.012,0.116,0.872
6946801,0.192,0.302,0.506
6871189,0.031,0.105,0.864
6844700,0.195116666667,0.437,0.367883333333
6832474,0.02,0.145,0.835
6922129,0.027,0.222,0.751
6941269,0.043,0.292,0.665
6850111,0.023,0.141,0.836
6871721,0.037,0.204,0.759
6834277,0.025,0.156,0.819
6815020,0.153,0.278695238095,0.568304761905
6839790,0.166,0.492,0.342
6929149,0.056,0.203,0.741
6832299,0.176,0.308,0.516
6908265,0.015,0.204666666667,0.780333333333
6819513,0.105,0.21,0.685
6922046,0.096,0.28225,0.62175
6911700,0.012,0.218,0.77
7132375,0.239,0.358,0.403
6826330,0.067,0.324,0.609
6892358,0.212,0.33,0.458
6844735,0.071,0.288,0.641
6830282,0.014,0.0916666666667,0.894333333333
6831883,0.06,0.264,0.676
6861551,0.156,0.394,0.45
6857472,0.069,0.252,0.679
6844170,0.100583333333,0.458416666667,0.441
6870992,0.199,0.356233333333,0.444766666667
6824420,0.0635,0.227583333333,0.708916666667
6842673,0.064,0.23,0.706
6870166,0.633,0.186,0.181
6923521,0.031,0.222,0.747
6923067,0.102,0.426,0.472
7102369,0.06,0.553,0.387
6918324,0.064,0.312,0.624
6875753,0.011,0.068,0.921
6858106,0.128,0.426,0.446
6945544,0.035,0.25,0.715
6843762,0.005,0.006,0.989
6916249,0.009,0.068,0.923
6881283,0.136,0.36275,0.50125
6905410,0.009,0.115,0.876
6892408,0.163,0.349,0.488
6930990,0.198,0.511,0.291
6835400,0.009,0.026,0.965
6867680,0.046,0.336,0.618
6910555,0.085,0.201,0.714
7178838,0.043,0.239,0.718
6925050,0.036,0.24,0.724
6831230,0.386,0.326,0.288
6884393,0.493,0.343,0.164
6850763,0.334,0.364816666667,0.301183333333
6835259,0.0,0.009,0.991
6878793,0.015,0.033,0.952
6843709,0.0605,0.2455,0.694
6880861,0.107,0.325,0.568
6927246,0.134,0.415,0.451
6884364,0.131,0.531,0.338
6932934,0.011,0.17,0.819
6943694,0.174,0.339,0.487
6831730,0.005,0.05,0.945
6844928,0.238,0.42025,0.34175
6885511,0.233,0.312,0.455
6844807,0.246,0.411,0.343
6817080,0.059,0.196,0.745
6851413,0.065,0.228,0.707
6918623,0.016,0.225,0.759
6932080,0.27,0.387,0.343
7117345,0.002,0.007,0.991
6821425,0.076,0.306,0.618
6924403,0.172,0.2025,0.6255
6854123,0.037,0.166,0.797
6852889,0.162,0.178,0.66
6866387,0.032,0.113,0.855
6858128,0.052,0.329,0.619
6905129,0.053,0.548,0.399
6932035,0.014,0.293,0.693
6884265,0.175,0.445,0.38
6936966,0.104,0.2995,0.5965
6881098,0.031,0.197,0.772
6869941,0.008,0.092,0.9
6864713,0.026,0.092,0.882
6905259,0.042,0.238,0.72
6889865,0.073,0.563,0.364
6870562,0.096,0.412,0.492
7124351,0.047,0.213366666667,0.739633333333
6857644,0.034,0.175,0.791
6891045,0.504,0.264,0.232
6929039,0.085,0.471,0.444
6916229,0.03,0.167,0.803
6833556,0.26,0.3335,0.4065
6838951,0.087,0.387,0.526
6868487,0.043,0.19,0.767
6869690,0.286,0.357,0.357
6864005,0.169,0.386,0.445
6923234,0.0855,0.312,0.6025
6827182,0.178,0.344,0.478
7146069,0.103,0.139166666667,0.757833333333
6890503,0.025,0.316,0.659
6911066,0.0573333333333,0.269666666667,0.673
6876163,0.093,0.345,0.562
6920433,0.034,0.472,0.494
6826987,0.201,0.366,0.433
6831058,0.012,0.136,0.852
6944184,0.05,0.207,0.743
6868480,0.054,0.164,0.782
7097198,0.047,0.235,0.718
6914595,0.093,0.316,0.591
6879535,0.057,0.328,0.615
6900971,0.037,0.177,0.786
6878555,0.1485,0.3595,0.492
6839324,0.096,0.575,0.329
6819925,0.034,0.093,0.873
6839386,0.081,0.319,0.6
6825584,0.08,0.398,0.522
7201758,0.07,0.29,0.64
6864463,0.142,0.43,0.428
6815348,0.0,0.001,0.999
6820756,0.091,0.316,0.593
6858699,0.125,0.33,0.545
6843115,0.131,0.1953,0.6737
6850824,0.01,0.17,0.82
6937635,0.121,0.277666666667,0.601333333333
6828911,0.153,0.331,0.516
7154618,0.021,0.211,0.768
6939143,0.14,0.338,0.522
6823169,0.033,0.223,0.744
6924844,0.08,0.308,0.612
6815925,0.243,0.402,0.355
6947389,0.001,0.003,0.996
7203267,0.152366666667,0.317633333333,0.53
6825953,0.147,0.302,0.551
6833542,0.0793333333333,0.409666666667,0.511
6854302,0.019,0.184,0.797
6843122,0.082,0.206,0.712
6851851,0.044,0.108,0.848
6879971,0.096,0.267,0.637
7136227,0.032,0.144,0.824
6925138,0.022,0.27,0.708
6875050,0.05,0.119,0.831
6935199,0.185,0.485,0.33
6848027,0.05,0.35,0.6
6904795,0.388,0.2568,0.3552
6818781,0.07,0.246,0.684
6871081,0.249,0.387,0.364
6888945,0.051,0.233,0.716
6925993,0.064,0.186,0.75
6928183,0.247,0.363,0.39
6847449,0.005,0.059,0.936
6857762,0.041,0.404,0.555
6942172,0.122,0.289,0.589
6916747,0.041,0.201,0.758
6813002,0.182,0.233666666667,0.584333333333
6923932,0.0,0.005,0.995
6939669,0.101,0.295833333333,0.603166666667
6854566,0.036,0.13,0.834
6909019,0.0635,0.3545,0.582
6869921,0.021,0.094,0.885
6864519,0.029,0.333,0.638
6849438,0.092,0.273,0.635
6916590,0.088,0.419,0.493
6947299,0.0750833333333,0.305,0.619916666667
7152604,0.003,0.002,0.995
6894914,0.254,0.119,0.627
6914502,0.025,0.113,0.862
6820113,0.443,0.297333333333,0.259666666667
6924106,0.022,0.258833333333,0.719166666667
6840817,0.0373333333333,0.23,0.732666666667
6913090,0.153,0.359,0.488
6934517,0.096,0.456,0.448
7152770,0.075,0.086,0.839
6868529,0.104,0.396,0.5
6836709,0.002,0.043,0.955
6868506,0.006,0.208,0.786
6941712,0.081,0.256,0.663
6932760,0.027,0.36,0.613
6850191,0.183,0.222,0.595
6878745,0.189,0.513,0.298
7094259,0.097,0.273,0.63
6831807,0.377,0.199,0.424
6891698,0.016,0.147,0.837
6923465,0.139,0.401,0.46
6899213,0.16,0.482583333333,0.357416666667
6923804,0.021,0.159,0.82
6918979,0.00475,0.061,0.93425
6862421,0.037,0.148,0.815
6900993,0.035,0.326,0.639
6861580,0.021,0.41,0.569
6906474,0.013,0.04,0.947
6847010,0.269,0.293,0.438
6817985,0.061,0.145,0.794
6879738,0.123,0.453,0.424
7169995,0.032,0.323,0.645
6901359,0.023,0.19,0.787
6837382,0.005,0.078,0.917
6874250,0.24,0.401,0.359
6886924,0.063,0.163666666667,0.773333333333
6894687,0.008,0.021,0.971
6937873,0.122,0.26,0.618
6852900,0.089,0.291,0.62
6929432,0.111,0.352,0.537
6844489,0.048,0.215,0.737
6844561,0.091,0.2312,0.6778
6933747,0.079,0.35,0.571
6940885,0.02,0.09,0.89
6873782,0.158,0.321,0.521
6882375,0.076,0.355,0.569
6878769,0.029,0.34,0.631
6827016,0.118,0.356,0.526
6820773,0.378,0.137,0.485
6921124,0.126,0.302,0.572
6817935,0.168,0.288,0.544
7144533,0.099,0.434,0.467
6813648,0.0685,0.2025,0.729
6834670,0.104,0.26,0.636
6878185,0.042,0.377,0.581
6923378,0.037,0.363,0.6
6932252,0.111,0.199,0.69
6857065,0.002,0.066,0.932
7169899,0.075,0.329,0.596
6887074,0.087,0.17025,0.74275
6849463,0.081,0.388,0.531
6934153,0.041,0.219,0.74
7116464,0.15,0.293,0.557
6897412,0.07,0.15,0.78
6925887,0.065,0.546,0.389
6848650,0.063,0.289,0.648
6818453,0.35,0.23,0.42
6943153,0.01,0.229333333333,0.760666666667
6946348,0.551666666667,0.227916666667,0.220416666667
6878770,0.031,0.323,0.646
6827664,0.046,0.294,0.66
6922984,0.046,0.15,0.804
6864544,0.073,0.285,0.642
6931437,0.006,0.08,0.914
7171071,0.088,0.329,0.583
6908215,0.087,0.425,0.488
6813875,0.12,0.372,0.508
6845221,0.098,0.461,0.441
6900902,0.094,0.37275,0.53325
6925197,0.171,0.25,0.579
6850783,0.003,0.005,0.992
6869002,0.086,0.328,0.586
7172791,0.049,0.231,0.72
6936176,0.006,0.002,0.992
6839462,0.329,0.288,0.383
6828651,0.129,0.375,0.496
6912630,0.066,0.229,0.705
6925870,0.049,0.213,0.738
6823876,0.05,0.45,0.5
6932538,0.031,0.201,0.768
6905724,0.099,0.363,0.538
6872564,0.001,0.005,0.994
6821027,0.073,0.283,0.644
6943747,0.152,0.354,0.494
7150854,0.004,0.003,0.993
7140107,0.039,0.167,0.794
6925056,0.095,0.362,0.543
6908834,0.129,0.25125,0.61975
6841620,0.091,0.339,0.57
6927175,0.138,0.578,0.284
6911333,0.103,0.339,0.558
6936227,0.119,0.300666666667,0.580333333333
6935640,0.129,0.466,0.405
6901738,0.033,0.285,0.682
6849053,0.277,0.424,0.299
6879561,0.204,0.437,0.359
7166280,0.354,0.364883333333,0.281116666667
6889409,0.016,0.241,0.743
6898181,0.018,0.036,0.946
6881507,0.001,0.035,0.964
6895263,0.0,0.037,0.963
6830090,0.128,0.333,0.539
7215380,0.096,0.509,0.395
6817698,0.079,0.299,0.622
6906566,0.391,0.272433333333,0.336566666667
6894990,0.07,0.277,0.653
6873889,0.151,0.577333333333,0.271666666667
6879553,0.029,0.297,0.674
6878327,0.299,0.283,0.418
6907502,0.225,0.404,0.371
6913646,0.087,0.487,0.426
7300745,0.118333333333,0.283,0.598666666667
6839638,0.06,0.278,0.662
6856873,0.189,0.352,0.459
6855357,0.051,0.182,0.767
6899979,0.026,0.139,0.835
6908433,0.14,0.323,0.537
6907408,0.003,0.017,0.98
7170775,0.144,0.471,0.385
6894035,0.021,0.195,0.784
6847457,0.014,0.142,0.844
6846258,0.046,0.268,0.686
6833602,0.494,0.235,0.271
7113888,0.175,0.386,0.439
6896850,0.225,0.466,0.309
6874757,0.005,0.063,0.932
6818474,0.121,0.39,0.489
6902137,0.028,0.277,0.695
6870798,0.244,0.286,0.47
7127496,0.103,0.316,0.581
6902192,0.073,0.483,0.444
6881324,0.186,0.267,0.547
6928837,0.18,0.376,0.444
6882452,0.199,0.365,0.436
6828286,0.069,0.333,0.598
7126963,0.064,0.373,0.563
6862928,0.011,0.035,0.954
6822277,0.138,0.262,0.6
6889752,0.118,0.425666666667,0.456333333333
6861415,0.099,0.353,0.548
6812868,0.0835,0.4115,0.505
6937889,0.168,0.4845,0.3475
6935346,0.011,0.128,0.861
7282611,0.048,0.255,0.697
6936347,0.328,0.285,0.387
6824954,0.078,0.251,0.671
6892538,0.121,0.497,0.382
6928786,0.048,0.248,0.704
7164678,0.153333333333,0.659666666667,0.187
6889908,0.222,0.290333333333,0.487666666667
6913892,0.352,0.313,0.335
6837599,0.403,0.36275,0.23425
6925955,0.057,0.22,0.723
6833907,0.13,0.543,0.327
6874618,0.129,0.294333333333,0.576666666667
6877202,0.206,0.342,0.452
6928643,0.003,0.06,0.937
6904977,0.034,0.331,0.635
6890725,0.15,0.35,0.5
6821381,0.022,0.31,0.668
6876184,0.202,0.305,0.493
6900571,0.039,0.201,0.76
6885274,0.015,0.082,0.903
6839484,0.217666666667,0.408333333333,0.374
6940393,0.011,0.116,0.873
6947646,0.066,0.29,0.644
7171492,0.042,0.324,0.634
6929184,0.037,0.195,0.768
6890360,0.044,0.326,0.63
6857523,0.163333333333,0.442666666667,0.394
6913381,0.045,0.142,0.813
6849511,0.102,0.125,0.773
6877504,0.024,0.197,0.779
7140050,0.013,0.156,0.831
6821705,0.071,0.234,0.695
6828363,0.464,0.336,0.2
6834416,0.057,0.295,0.648
6930248,0.076,0.422,0.502
6859894,0.052,0.263,0.685
6812012,0.023,0.256,0.721
7163323,0.012,0.035,0.953
6842540,0.143,0.494,0.363
6868726,0.046,0.134,0.82
6941446,0.084,0.3682,0.5478
6870488,0.001,0.122,0.877
6839242,0.164,0.365,0.471
7218255,0.02,0.221,0.759
6934549,0.193,0.368,0.439
6889895,0.08,0.2265,0.6935
6825020,0.041,0.204,0.755
6894947,0.235,0.388,0.377
7140525,0.001,0.033,0.966
6911993,0.041,0.164,0.795
6824037,0.074,0.399,0.527
6882446,0.055,0.268,0.677
6902447,0.042,0.199,0.759
6931156,0.064,0.308,0.628
6857795,0.325,0.383,0.292
6831494,0.002,0.01,0.988
6853601,0.037,0.339,0.624
7098382,0.114,0.661,0.225
6896764,0.084,0.379,0.537
6852315,0.025,0.085,0.89
6879859,0.180333333333,0.380666666667,0.439
6823182,0.047,0.267,0.686
7186095,0.237,0.537,0.226
6888297,0.062,0.2615,0.6765
6862915,0.075,0.375833333333,0.549166666667
6876292,0.113,0.364,0.523
7125390,0.012,0.054,0.934
6894003,0.237,0.40125,0.36175
6882334,0.115,0.311,0.574
6902258,0.04,0.181,0.779
7202985,0.025,0.134,0.841
6854703,0.087,0.45,0.463
6867192,0.033,0.331,0.636
6891539,0.033,0.207,0.76
6944423,0.368,0.291,0.341
6828554,0.009,0.098,0.893
6909152,0.1629,0.543,0.2941
6916377,0.026,0.1,0.874
6927731,0.075,0.152,0.773
7207035,0.029,0.384,0.587
6823232,0.103,0.114,0.783
6920352,0.094,0.662,0.244
6927006,0.181833333333,0.399166666667,0.419
6882569,0.046,0.149,0.805
6930250,0.122,0.456,0.422
6874927,0.018,0.095,0.887
6819605,0.066,0.278,0.656
6919792,0.047,0.23,0.723
6865137,0.017,0.431,0.552
7129277,0.061,0.377,0.562
6812483,0.012,0.074,0.914
6939010,0.079,0.261,0.66
6946483,0.034,0.289,0.677
6861585,0.071,0.269,0.66
6939744,0.082,0.269,0.649
6892611,0.061,0.388,0.551
6830977,0.695,0.244,0.061
7128814,0.035,0.236,0.729
6923434,0.033,0.303,0.664
6942315,0.1,0.234666666667,0.665333333333
6948509,0.506,0.262666666667,0.231333333333
6890231,0.043,0.125,0.832
6912207,0.043,0.185,0.772
6838584,0.036,0.186,0.778
6847995,0.0775,0.3075,0.615
6917463,0.084,0.366,0.55
6903844,0.01,0.104,0.886
7157390,0.048,0.356,0.596
6855342,0.117,0.449,0.434
6835231,0.091,0.28,0.629
6862121,0.002,0.0,0.998
6945521,0.059,0.374,0.567
6867420,0.032,0.254,0.714
6905101,0.092,0.375,0.533
6818496,0.171,0.391,0.438
6918925,0.021,0.242,0.737
7123427,0.14,0.407,0.453
6814336,0.181,0.436,0.383
6911832,0.011,0.129,0.86
6947977,0.078,0.403,0.519
6835357,0.068,0.091,0.841
6893083,0.08,0.298,0.622
6869401,0.006,0.038,0.956
6936872,0.182,0.398,0.42
6943363,0.022,0.242,0.736
6814666,0.12,0.327,0.553
6831228,0.205,0.325,0.47
6930325,0.057,0.361,0.582
7135468,0.108,0.3535,0.5385
6935649,0.19,0.537,0.273
6842816,0.051,0.159,0.79
6836648,0.001,0.0,0.999
6843370,0.364,0.381,0.255
6829452,0.03,0.3005,0.6695
6814410,0.06,0.45,0.49
