listing_id,high,medium,low
7142618,0.0585696084019,0.698433466726,0.242996924872
7210040,0.725869144435,0.243267449268,0.0308634062964
7103890,0.0239367971564,0.164678090093,0.811385112751
7143442,0.0668002189618,0.494968102684,0.438231678355
6860601,0.0176933382137,0.120798600895,0.861508060891
6840081,0.00467237051672,0.0146062847501,0.980721344733
6922337,0.0771215296141,0.433031127294,0.489847343092
6913616,0.094405256026,0.738756289956,0.166838454018
6937820,0.0484121932078,0.491626748108,0.459961058684
6893933,0.0141516791083,0.742521339353,0.243326981538
6832604,0.00305684185315,0.0169073263319,0.980035831815
6915282,0.162685380905,0.574742774533,0.262571844563
7127565,0.0129553613186,0.167151126747,0.819893511934
6827899,0.0442087866759,0.106269190858,0.849522022466
6934855,0.00331630945698,0.0288358015687,0.967847888974
6861826,0.00816395137631,0.163731806495,0.828104242129
6871643,0.225273418135,0.314863767901,0.459862813964
6842542,0.00117743768827,0.017773270864,0.981049291448
6934145,0.0173074799048,0.0693413164742,0.913351203621
6829365,0.227472949229,0.484341319242,0.288185731529
7167858,0.0339922931745,0.580335623616,0.38567208321
6859483,0.0465151071759,0.658553918779,0.294930974045
6861377,0.0410498104956,0.215845323721,0.743104865784
6848960,0.0540169068432,0.180865245904,0.765117847253
6918850,0.0121444089337,0.153484673853,0.834370917213
6916867,0.0508246650702,0.769495768909,0.17967956602
6895840,0.0165719170905,0.0921288002039,0.891299282706
6813539,0.459942326653,0.499239402475,0.0408182708716
7116900,0.0245502870164,0.425079390891,0.550370322093
6890328,0.375603333095,0.508456003689,0.115940663216
6879406,0.0691392188454,0.209642262276,0.721218518878
6824924,0.111374473824,0.55088762786,0.337737898316
6911302,0.0550354256679,0.298611448362,0.64635312597
6918742,0.0430829767956,0.873771550442,0.0831454727626
6910586,0.00725734529554,0.0445688173994,0.948173837305
6821750,0.0194325667523,0.268014289525,0.712553143722
6860647,0.10380191247,0.478187745495,0.418010342034
6932873,0.130936750864,0.566744617992,0.302318631144
6846053,0.0116861370962,0.116745577445,0.871568285459
6940365,0.103639832313,0.209367835853,0.686992331834
6931867,0.0329477057183,0.206850198658,0.760202095623
6876383,0.0553063335796,0.156314462221,0.7883792042
6910980,0.195255139142,0.340197597173,0.464547263685
6880877,0.325618625326,0.283592529261,0.390788845413
6839552,0.135244633897,0.69116750533,0.173587860774
6838051,0.0524485151145,0.895180664507,0.0523708203786
6928201,0.271432090756,0.416958569336,0.311609339909
6945608,0.0702694869713,0.636836322593,0.292894190436
6816147,0.0779211503033,0.143186989982,0.778891859715
6868129,0.0628836062964,0.357294684015,0.579821709688
6849448,0.0544374981191,0.277260720347,0.668301781533
7113677,0.187079508463,0.690565573731,0.122354917806
6930856,0.0180513934163,0.496467435232,0.485481171352
6889594,0.310702490658,0.448110005574,0.241187503768
6842682,0.0117823525461,0.106429959389,0.881787688065
6880366,0.179509799194,0.505964725928,0.314525474878
6835063,0.118707212857,0.187817149171,0.693475637972
6820479,0.242571878117,0.441011372829,0.316416749054
6882057,0.0159353038176,0.119044796158,0.865019900025
6834440,0.0642816884773,0.449567188601,0.486151122922
6880846,0.00489905262594,0.147442778686,0.847658168689
6847248,0.01498159399,0.0386318906212,0.946386515389
6868368,0.0122837394396,0.0360442364839,0.951672024077
6943505,0.0124477134913,0.160097251582,0.827455034927
7174304,0.0484440560099,0.316288443226,0.635267500765
6880747,0.0467153075222,0.32354053327,0.629744159207
6933565,0.047061696251,0.228014459554,0.724923844195
6888511,0.00612116059746,0.0195825816703,0.974296257732
6942704,0.0641958222302,0.383601679482,0.552202498288
6840304,0.133097234416,0.587671800003,0.279230965581
6856860,0.00753650515149,0.0547682774438,0.937695217405
6884921,0.0285268784025,0.177650062373,0.793823059225
6937417,0.00352331370631,0.0656701022205,0.930806584073
6831129,0.0025734478768,0.0129040611168,0.984522491006
6936660,0.114721721886,0.319062456391,0.566215821724
6940667,0.0488395118364,0.344233700084,0.606926788079
7201307,0.00203399461163,0.0116923898222,0.986273615566
6825434,0.0171535384879,0.371581478734,0.611264982778
6848114,0.0743143636973,0.271891278833,0.65379435747
6947758,0.144385494928,0.803570543262,0.05204396181
6897002,0.148420141896,0.53829023806,0.313289620044
6926661,0.00299605137169,0.0679059884737,0.929097960155
6867411,0.0821378192933,0.436491599097,0.481370581609
6910154,0.0310005436775,0.307462278402,0.661537177921
7157900,0.0391008777198,0.286484004491,0.674415117789
6922324,0.019004954702,0.474316051023,0.506678994275
6863068,0.00738703834177,0.674258503897,0.318354457761
6912109,0.0517675697887,0.246626086212,0.701606343999
6918609,0.0185711829582,0.158366524871,0.823062292171
6889300,0.129105370588,0.627809153379,0.243085476033
6837794,0.172784401437,0.395596058451,0.431619540112
6943098,0.20387103589,0.244464726629,0.551664237481
6927601,0.106421535027,0.191727883367,0.701850581607
6897826,0.106835903144,0.369650483553,0.523513613303
6882892,0.00259793603829,0.0130503902566,0.984351673705
6873384,0.433515937123,0.393166553571,0.173317509306
6934693,0.0339387901668,0.353527469648,0.612533740185
7224450,0.0344835664411,0.165187599072,0.800328834486
6898157,0.0570331185684,0.0680920267258,0.874874854706
6837355,0.0106958673013,0.0678335246674,0.921470608031
6830595,0.0333772162641,0.856314118083,0.110308665653
6943561,0.273734113696,0.47004669715,0.256219189154
6844380,0.402318091089,0.367408592888,0.230273316023
6814286,0.0650317781359,0.225378565478,0.709589656386
6898520,0.0825734214758,0.737537777953,0.179888800571
6940979,0.245003450344,0.500462271436,0.25453427822
6851090,0.157438257777,0.669434371465,0.173127370758
7107169,0.110600313841,0.432611502336,0.456788183823
6830287,0.0629132538615,0.368072335903,0.569014410236
6933575,0.0732309974368,0.575816913429,0.350952089134
6938972,0.0494007385448,0.201229252227,0.749370009228
6888315,0.00183292814829,0.0167409211442,0.981426150708
6855106,0.0362000078239,0.160277617113,0.803522375063
6838237,0.188420935514,0.751672214662,0.0599068498237
6901024,0.0884393834376,0.421333044081,0.490227572482
6846627,0.013936964168,0.052044336989,0.934018698843
7219857,0.02340625862,0.132642066104,0.843951675276
6852685,0.0490579328861,0.192381548646,0.758560518468
6831610,0.0381737526537,0.611618255646,0.3502079917
6943538,0.0623495496895,0.530923739501,0.406726710809
6911637,0.0110577983813,0.0370464890557,0.951895712563
6854543,0.0199530860116,0.0603004006587,0.91974651333
6940451,0.0339317080707,0.398678172149,0.56739011978
6819530,0.294847927891,0.381771116278,0.323380955831
7093396,0.0114281933458,0.154932296339,0.833639510315
6840326,0.0526478744972,0.0818231914892,0.865528934014
6834204,0.121369514632,0.111742480577,0.766888004791
6902518,0.224820227274,0.410516129467,0.364663643258
6930253,0.0801131275321,0.46805119493,0.451835677538
6828293,0.00212578987255,0.0570170446679,0.94085716546
7203744,0.801278878266,0.114127651201,0.0845934705339
6816478,0.15363545424,0.242134696416,0.604229849344
6868890,0.00471656251327,0.0469338607425,0.948349576744
6879338,0.0470278561678,0.314560556088,0.638411587745
6898532,0.0335539401532,0.302234842014,0.664211217833
6899965,0.307288700594,0.309980782267,0.382730517139
7133875,0.0033245772254,0.0291150285266,0.967560394248
6822218,0.0423538542991,0.299398387986,0.658247757715
6814018,0.572562484743,0.314114495307,0.11332301995
6896376,0.109906726834,0.667773752242,0.222319520924
6918670,0.136163924853,0.418922139248,0.444913935899
6867839,0.00691020498862,0.00596744642351,0.987122348588
6823554,0.0177143105088,0.0655155654415,0.91677012405
6934798,0.13401651785,0.298029823261,0.567953658889
6820823,0.155909491106,0.35329506932,0.490795439574
6880212,0.0106593779359,0.0642631832844,0.92507743878
6934814,0.00651940889372,0.0787914647891,0.914689126317
7254134,0.0205768185975,0.185169299745,0.794253881657
6938303,0.479751480965,0.498323069296,0.021925449739
6813807,0.0576484394757,0.710975890554,0.23137566997
6878604,0.00943821176491,0.0611732923669,0.929388495868
6876763,0.122510147297,0.305962024043,0.57152782866
6844352,0.00743050516528,0.142428487207,0.850141007628
6915939,0.154312861298,0.367782561642,0.47790457706
7109370,0.0448821340342,0.348809211785,0.606308654181
6855445,0.059610625554,0.0810204425397,0.859368931906
6818668,0.0500837538814,0.238506785274,0.711409460844
6836527,0.0397135674681,0.0267997522681,0.933486680264
6831717,0.0468053102009,0.177693484576,0.775501205223
6937162,0.152703455462,0.426486689808,0.42080985473
6922876,0.00531104269433,0.0250134603868,0.969675496919
7109482,0.0663133607157,0.435914418576,0.497772220708
6940972,0.082698684111,0.67605116163,0.241250154259
6883790,0.0571891451181,0.282423942944,0.660386911937
6921643,0.0564640572368,0.206345448007,0.737190494756
6935700,0.00547892848453,0.047261005385,0.94726006613
6827025,0.00964970990999,0.461870695591,0.528479594499
6943096,0.124975930526,0.211043483424,0.66398058605
7161468,0.0204743402147,0.105806646592,0.873719013193
6879610,0.00835127565141,0.138872496078,0.85277622827
6935762,0.0254819130792,0.307718063901,0.66680002302
6925042,0.00979417629164,0.0759563419745,0.914249481734
7121050,0.0336650785888,0.500299504007,0.466035417404
6821601,0.114022996017,0.325224548969,0.560752455014
6926810,0.00766880076854,0.0535936122389,0.938737586993
6946532,0.0198949952925,0.306488883477,0.67361612123
6875171,0.0231270253013,0.423783793196,0.553089181502
7096285,0.0973991886826,0.736581707183,0.166019104134
6812321,0.225022248028,0.428115096201,0.346862655771
6822697,0.174935482737,0.174412567714,0.650651949549
6941294,0.00861653902602,0.126034923325,0.865348537649
6873564,0.00104072359449,0.0128711800517,0.986088096354
6926791,0.0145111303434,0.188869071319,0.796619798338
7142444,0.466609735245,0.452414260827,0.0809760039278
6878128,0.172684920144,0.693076503142,0.134238576714
6927428,0.0350090946344,0.151801168257,0.813189737109
6812674,0.00589519539054,0.0116584503519,0.982446354258
6881774,0.105173423053,0.614768679863,0.280057897084
7167797,0.0154112148019,0.039075355512,0.945513429686
6865238,0.437992460254,0.388997086219,0.173010453527
6841710,0.0621146433501,0.323551830518,0.614333526132
6856334,0.0164747485116,0.0242901339738,0.959235117515
6906462,0.0225515741489,0.133980910311,0.84346751554
6837438,0.0408692640851,0.278411754872,0.680718981043
6908277,0.123308547087,0.461082173913,0.415609279
6841291,0.0190085359208,0.121913149611,0.859078314468
6915178,0.231360463322,0.420045278383,0.348594258295
6893031,0.132953177673,0.619969764476,0.247077057851
6894985,0.0611654620371,0.727620444507,0.211214093456
6931134,0.277302900726,0.328442235125,0.394254864149
6872264,0.344677847048,0.368946432044,0.286375720908
6816953,0.0519066977353,0.330004138081,0.618089164183
7163518,0.100641549047,0.796023241155,0.103335209799
6893253,0.0771645017379,0.505163088445,0.417672409817
6943822,0.0276483795859,0.243808217165,0.72854340325
6946313,0.04813787964,0.393251366028,0.558610754332
6839443,0.0130205100278,0.0589310647533,0.928048425219
6911338,0.062108504154,0.355599654912,0.582291840934
7223877,0.843944238162,0.0803671271094,0.0756886347288
6917884,0.0285323436166,0.66754402012,0.303923636263
6823126,0.0363944743888,0.0911554739082,0.872450051703
6939488,0.223868915161,0.624514732929,0.15161635191
7196924,0.0776496879809,0.350086868657,0.572263443362
6905685,0.0185100157439,0.192151694095,0.789338290162
6894092,0.0489588724685,0.200636788782,0.75040433875
6812181,0.0102960154398,0.132171451186,0.857532533374
6854610,0.0525997288011,0.461782699037,0.485617572162
6873754,0.184267989002,0.20852681237,0.607205198628
6859181,0.925466384912,0.0554297540049,0.0191038610828
6825402,0.00918885892497,0.0287502762332,0.962060864842
6819526,0.171595168887,0.120485273726,0.707919557387
6896065,0.0058650141678,0.0363774241426,0.95775756169
6931793,0.0154641640536,0.134479704222,0.850056131724
6907360,0.1790417302,0.125217356057,0.695740913743
6813182,0.0199646944467,0.0884635774511,0.891571728102
6823959,0.014589439323,0.134308774478,0.851101786199
6942189,0.24747167388,0.62248347542,0.1300448507
6844384,0.142923183642,0.322256940107,0.534819876251
6836888,0.464036120841,0.301523197191,0.234440681969
6917844,0.0242234919688,0.456365044531,0.5194114635
6937842,0.0735609839446,0.54782285159,0.378616164466
6926917,0.106586461102,0.159519611344,0.733893927554
7160740,0.0188220204515,0.74398023792,0.237197741629
6936310,0.02691140034,0.681903500829,0.291185098831
6849109,0.176694249653,0.602280048997,0.22102570135
6831018,0.000990624028928,0.00617826882607,0.992831107145
6909842,0.0106593683018,0.0784941670262,0.910846464672
6861360,0.0169191458044,0.109997530438,0.873083323757
6883414,0.370760629406,0.272802864288,0.356436506306
6876026,0.083784754202,0.768390134193,0.147825111605
7095390,0.0516593777044,0.0962759579235,0.852064664372
6932265,0.837614635844,0.142234088007,0.0201512761499
6870949,0.021153986664,0.206336350299,0.772509663037
6831335,0.031447689049,0.20191228748,0.766640023471
6895698,0.0679386266471,0.248816017089,0.683245356264
6889889,0.114429227858,0.302236318922,0.58333445322
6876679,0.0109770151765,0.132603571571,0.856419413253
6947097,0.653242792033,0.112634606557,0.234122601411
6874970,0.160296348993,0.0844735482714,0.755230102736
6831069,0.253471932617,0.523262120676,0.223265946707
6833628,0.0175807716165,0.11243165956,0.869987568824
6819282,0.0820665445421,0.331178680886,0.586754774572
6825025,0.078299239827,0.242352041688,0.679348718485
6856513,0.0196887293025,0.131252681047,0.849058589651
6928711,0.00835041058135,0.0374590763285,0.95419051309
6832548,0.181972318111,0.507909772388,0.3101179095
6881870,0.0107273237729,0.278433916787,0.71083875944
6866978,0.149395286503,0.652078676415,0.198526037082
7163400,0.100641549047,0.796023241155,0.103335209799
6917187,0.668881336187,0.224597144044,0.106521519769
6927475,0.106499262908,0.242221480987,0.651279256106
6903243,0.0257120084024,0.185451097822,0.788836893776
6876188,0.0352073868252,0.456079915195,0.50871269798
6922219,0.0125304210296,0.260690872762,0.726778706208
7104085,0.00331654961765,0.00897131906595,0.987712131316
6920897,0.223009114334,0.403041858807,0.373949026858
6812177,0.0402964834017,0.377163614702,0.582539901896
6941047,0.0543691952293,0.586618170382,0.359012634388
6827609,0.0230521818304,0.0930699320743,0.883877886095
6934328,0.0152125343403,0.258363606811,0.726423858849
6937556,0.647236712765,0.325341275046,0.0274220121889
6879765,0.168563174285,0.617971313657,0.213465512058
6942927,0.0234484298003,0.0651655516378,0.911386018562
6945170,0.0299055906368,0.370986894168,0.599107515195
6901915,0.0590877025596,0.35210152159,0.58881077585
6824475,0.040961204901,0.337690385339,0.62134840976
6832968,0.0234288803455,0.255235130434,0.721335989221
7166718,0.0017965497225,0.00958305300957,0.988620397268
6905079,0.0746222142548,0.393445240128,0.531932545617
6940297,0.213656564133,0.536270939232,0.250072496635
6911080,0.0693230182535,0.507472897519,0.423204084228
6917208,0.0304436734292,0.871640522227,0.0979158043434
6858925,0.0278500194813,0.531099404198,0.441050576321
7169883,0.106512719648,0.610842837333,0.282644443019
6944112,0.258001374866,0.519855759,0.222142866135
6885816,0.0634989490888,0.220370326571,0.716130724341
6837733,0.0105836314288,0.087423463614,0.901992904957
6828658,0.112980516832,0.319281197862,0.567738285306
6839429,0.128655088349,0.473801031806,0.397543879845
7164794,0.0269199385447,0.201094241903,0.771985819552
6837661,0.19108202512,0.360734944043,0.448183030837
6883255,0.038293111989,0.402379893337,0.559326994674
6833054,0.0469372161623,0.311656899475,0.641405884362
7675463,0.137524270494,0.440029921092,0.422445808414
6871526,0.121505859359,0.582732204239,0.295761936402
6876295,0.0433676061136,0.305498609807,0.651133784079
7204045,0.00411004608565,0.0272375406342,0.96865241328
6840357,0.0289920752681,0.367409408517,0.603598516215
6917531,0.0167551096115,0.0335578988135,0.949686991575
6886057,0.341673334915,0.58579338802,0.0725332770649
6833734,0.047462616767,0.299399281044,0.653138102189
6908098,0.0385991033309,0.295130205711,0.666270690958
6860562,0.0386494205583,0.15821239257,0.803138186872
6859167,0.383562192456,0.500729944517,0.115707863027
6812141,0.295468341775,0.228364091785,0.476167566439
6919431,0.00749241054913,0.0761483002424,0.916359289209
6869389,0.0569993321981,0.367835521066,0.575165146736
6906034,0.00757339974516,0.0289901859381,0.963436414317
7108495,0.00227672027688,0.010881108842,0.986842170881
6864681,0.112292014657,0.285313310446,0.602394674897
6893982,0.0186784065437,0.247038202044,0.734283391413
6862160,0.0295535328848,0.286262022936,0.684184444179
6854804,0.0305442151234,0.44165979236,0.527795992517
7143164,0.0195497971226,0.274484996486,0.705965206391
6936651,0.0363036373629,0.223649399111,0.740046963526
6837450,0.0324869555024,0.231761258332,0.735751786166
6908259,0.953051933225,0.0438519227906,0.00309614398479
6916539,0.0379796123509,0.184495963984,0.777524423665
6947176,0.0945687205618,0.32769252121,0.577738758228
6933958,0.614419984793,0.290436238179,0.0951437770275
6816549,0.273560746194,0.463382037178,0.263057216628
6876117,0.00633445450263,0.0939606046769,0.89970494082
6848605,0.0906539276444,0.186933879263,0.722412193092
6840659,0.0394318330412,0.169558756024,0.791009410934
6823496,0.255447642566,0.411092241903,0.333460115531
6912609,0.000481738489589,0.00321512665856,0.996303134852
7097937,0.0225635799206,0.0820904785987,0.895345941481
6924524,0.0900216648301,0.206254907857,0.703723427313
6938236,0.0498824644001,0.337253647106,0.612863888494
6865751,0.00361168236121,0.0157445411946,0.980643776444
6936323,0.00444446229355,0.0629927927171,0.932562744989
6868422,0.22512402549,0.531370634733,0.243505339778
7210133,0.0231519105892,0.162101041239,0.814747048172
7215631,0.0378196056147,0.141875238466,0.82030515592
6940189,0.0102143296862,0.163074075769,0.826711594545
6888941,0.0038404709982,0.0292822565261,0.966877272476
6831598,0.0257165510268,0.434635170628,0.539648278346
6939963,0.00579862111734,0.0566588894648,0.937542489418
6897175,0.443807801457,0.357973177337,0.198219021205
6816167,0.0369805662826,0.248994719482,0.714024714236
6812965,0.169427033121,0.461369705882,0.369203260997
7149372,0.249922391296,0.630000145007,0.120077463697
6875959,0.0166397211356,0.0547323126218,0.928627966243
6925644,0.0743114249846,0.524248278894,0.401440296121
6874269,0.0172147896238,0.246781708091,0.736003502285
6814721,0.0369825306971,0.281914288828,0.681103180475
6922432,0.037835814594,0.525745478576,0.43641870683
6858861,0.00444177441665,0.0373970716362,0.958161153947
6835339,0.000614551954782,0.00522103838454,0.994164409661
6896997,0.0949747664786,0.398585558829,0.506439674692
6921134,0.047658370757,0.363116819557,0.589224809686
6883685,0.51001477323,0.229873132055,0.260112094716
6911406,0.00132884921415,0.00718182834842,0.991489322437
6825733,0.95084926652,0.0258937468805,0.0232569865993
6884462,0.250012090031,0.488758690274,0.261229219696
6858682,0.00474274788878,0.0503195917534,0.944937660358
6894013,0.145762604772,0.338196738251,0.516040656978
6856391,0.444266869283,0.282516183252,0.273216947465
6828064,0.00823218070846,0.0719247048529,0.919843114439
6817336,0.00338899833181,0.0198039053797,0.976807096288
6819178,0.0738291109978,0.138068464869,0.788102424133
7147339,0.141792861597,0.348064273324,0.510142865079
6887757,0.285562342658,0.471185320836,0.243252336506
6946859,0.0327155921961,0.215726184036,0.751558223767
6855963,0.0326548522824,0.160744272887,0.806600874831
6839828,0.126489956302,0.493539406162,0.379970637536
6870806,0.170199701689,0.372292022344,0.457508275967
6880221,0.0224688051026,0.138855148633,0.838676046264
6921809,0.0489219592388,0.368070777146,0.583007263615
6897069,0.0430679792623,0.2994390512,0.657492969538
6897157,0.123332504577,0.428990763239,0.447676732184
6898912,0.00816361970548,0.0528214742452,0.939014906049
6856271,0.0368867925697,0.230713575225,0.732399632205
6888381,0.00298922444413,0.0122028708529,0.984807904703
7099191,0.00466860404053,0.0177201093466,0.977611286613
6917882,0.0431841312334,0.401213566726,0.555602302041
6931260,0.0028121617917,0.0591680886401,0.938019749568
6849996,0.0479504010093,0.282276996199,0.669772602792
6887973,0.0514268544634,0.10943490106,0.839138244476
6850205,0.299790179342,0.460740401162,0.239469419496
6845657,0.0104306696819,0.192652121125,0.796917209193
6930302,0.0294751512012,0.0960062567142,0.874518592085
6852391,0.0436020706905,0.100420746766,0.855977182544
6920411,0.180206295111,0.590545053543,0.229248651347
6907999,0.00570358724824,0.0821281733674,0.912168239384
6864094,0.191269838134,0.162907961624,0.645822200242
6813852,0.0645753880675,0.63992433497,0.295500276962
7232295,0.440710454454,0.513598476726,0.0456910688196
6896558,0.0419879891919,0.532188773016,0.425823237792
6858919,0.200251492987,0.280875711858,0.518872795154
6847828,0.0186258243921,0.186050706588,0.79532346902
6925116,0.0868358271261,0.259608289929,0.653555882945
6854687,0.0821765820899,0.331759159328,0.586064258582
6946415,0.0283981956889,0.740176236187,0.231425568125
6827859,0.336273867545,0.121416471322,0.542309661133
6884313,0.175769092851,0.700336710044,0.123894197105
6848651,0.0277501134977,0.475519996336,0.496729890166
7136298,0.0203572410499,0.230723408932,0.748919350018
6874534,0.0379233875855,0.117486511328,0.844590101086
6908942,0.67715411403,0.245843352245,0.077002533725
6894718,0.00508015264417,0.0451542182086,0.949765629147
6876449,0.0906789887814,0.288755419999,0.62056559122
6825630,0.153067881004,0.601474669987,0.245457449008
7155655,0.01403861379,0.0580599450212,0.927901441189
7201310,0.0112920994717,0.0850944079839,0.903613492544
6864334,0.0236067311919,0.102125010366,0.874268258442
6876658,0.0125739913224,0.176075737082,0.811350271595
6842370,0.0621541852601,0.236696527327,0.701149287412
6835467,0.393968081654,0.356085225072,0.249946693274
7227368,0.0652145597133,0.203307489305,0.731477950982
6859482,0.0327556686435,0.271115320589,0.696129010767
6878641,0.0405887052196,0.396559180942,0.562852113838
6869916,0.000646615267997,0.00420276649975,0.995150618232
6841060,0.00965728973255,0.230693884802,0.759648825466
6887832,0.0165388723633,0.103680888777,0.87978023886
6905898,0.00821591171303,0.0622687397668,0.92951534852
7104742,0.082286461654,0.599962665689,0.317750872657
6948090,0.0252217572322,0.126909478095,0.847868764673
6839851,0.077929077726,0.466745833479,0.455325088795
6934051,0.209597581107,0.157189569838,0.633212849055
6888727,0.226555332377,0.438368241548,0.335076426075
7167478,0.00713031484862,0.0524696619616,0.94040002319
6892109,0.422265044433,0.406744879856,0.170990075711
6908544,0.68159464094,0.225086803816,0.0933185552441
6921725,0.0375057533608,0.297571096651,0.664923149988
6932343,0.0642201735936,0.510218993179,0.425560833228
6914309,0.021701056283,0.13905761755,0.839241326167
6919805,0.115967942155,0.677217384927,0.206814672918
6947828,0.0351679087586,0.182222862801,0.78260922844
6920362,0.0966927963253,0.177894230804,0.725412972871
7110179,0.72524399407,0.149290812946,0.125465192984
6877834,0.32852522006,0.448878693921,0.222596086019
6876966,0.185509431005,0.421856941396,0.392633627599
6823918,0.0538995206525,0.13238641295,0.813714066398
6871243,0.0143646614366,0.0285170414034,0.95711829716
6928189,0.067158236181,0.551994633217,0.380847130602
6852455,0.0479430772789,0.182685635427,0.769371287294
7208631,0.0339626376147,0.347619560619,0.618417801767
6831811,0.239743729729,0.642638902799,0.117617367472
6904276,0.00303057895812,0.0298209132108,0.967148507831
6831589,0.153059413396,0.252892428559,0.594048158045
6901814,0.0153080743524,0.559429041681,0.425262883967
6854667,0.540284065435,0.284184840645,0.17553109392
7192650,0.0550455729092,0.220570804196,0.724383622895
6836299,0.0363775613944,0.226173323627,0.737449114979
6887919,0.0143465324098,0.0343989641168,0.951254503473
6927679,0.0473667421294,0.526255957791,0.426377300079
6855908,0.174169207736,0.311425808981,0.514404983283
6854766,0.0146528400147,0.0874013797387,0.897945780247
6847472,0.070642240872,0.195367066873,0.733990692255
6862519,0.0317421760307,0.104350787177,0.863907036793
6938819,0.219000658015,0.24819467985,0.532804662136
6945434,0.200777281653,0.249550011329,0.549672707017
6832722,0.725307325606,0.152283156949,0.122409517445
6852707,0.0455382502078,0.0991083090697,0.855353440723
7177680,0.029691807655,0.269338837765,0.70096935458
6834945,0.00252010233489,0.010182103872,0.987297793793
6890316,0.0342422293695,0.446684818091,0.519072952539
6816620,0.0636647057826,0.0568080326748,0.879527261543
6945175,0.00375680186273,0.0432835869352,0.952959611202
6914016,0.0141478982754,0.208681142041,0.777170959684
6852619,0.0989614333067,0.305119194448,0.595919372245
6813211,0.135046762214,0.522949844373,0.342003393413
6820546,0.0195878196662,0.172081496416,0.808330683918
6836128,0.0123876230065,0.045438513213,0.942173863781
6850557,0.215986676845,0.725673403188,0.0583399199664
6864997,0.0589833404358,0.0353046993963,0.905711960168
6883705,0.00573507004681,0.0278813918263,0.966383538127
6898767,0.0840661341516,0.18900347733,0.726930388518
6866020,0.0186049237237,0.334298346879,0.647096729398
7126382,0.772756520888,0.167523705044,0.0597197740678
6847427,0.159953200618,0.471157532048,0.368889267334
6841013,0.0704056920013,0.156904069785,0.772690238214
6909469,0.00307455165108,0.0130345110674,0.983890937282
6922473,0.00648645254512,0.0676887345902,0.925824812865
6925906,0.0724200674635,0.460998704371,0.466581228166
6946014,0.314901212368,0.441893361661,0.243205425971
6820739,0.0153313435389,0.334202923188,0.650465733273
6927559,0.404627927839,0.413422131199,0.181949940962
7174772,0.0108164727414,0.0981210962186,0.89106243104
6931036,0.0110559038716,0.399208142184,0.589735953945
6918163,0.0148469597706,0.19505480037,0.79009823986
6893604,0.0685485922092,0.425448154993,0.506003252798
6868844,0.0171456672143,0.161991769141,0.820862563645
6814537,0.553901936011,0.335703032626,0.110395031363
6916118,0.00340459449617,0.0126989810438,0.98389642446
6838509,0.0851131911448,0.444597715757,0.470289093098
6919725,0.146075629335,0.499658324148,0.354266046516
6932476,0.00180022648096,0.0180806042273,0.980119169292
6860496,0.0529871887152,0.190486655461,0.756526155824
7156799,0.0858590338164,0.609818626668,0.304322339516
6837521,0.727960189945,0.10075102584,0.171288784215
6913204,0.0323740092125,0.245221134134,0.722404856654
6947516,0.0318615704946,0.28064880249,0.687489627016
6838117,0.0123763426035,0.0960033997378,0.891620257659
6933366,0.0317960822894,0.189346153469,0.778857764241
7134198,0.0404582127958,0.22969603081,0.729845756395
6898450,0.0543912742564,0.467681831274,0.47792689447
6819926,0.0482303927103,0.186838784483,0.764930822807
6947698,0.104062442217,0.1941323079,0.701805249883
6838721,0.0244092381123,0.0381707846652,0.937419977223
6936661,0.0687138331307,0.247833630769,0.6834525361
6912257,0.0340904584007,0.279961915426,0.685947626173
6905569,0.0109006026237,0.0478096583388,0.941289739037
6927167,0.280997047728,0.353700555318,0.365302396954
7150689,0.00335811814545,0.0189961900757,0.977645691779
6820358,0.0662667423481,0.350728992836,0.583004264816
6945045,0.150250558967,0.689623989572,0.160125451461
6866884,0.0423862518257,0.261384138059,0.696229610115
6820658,0.277477045215,0.270511176906,0.452011777879
6826462,0.0335829406024,0.717653957626,0.248763101771
6932390,0.0230281132714,0.240216306369,0.736755580359
6905031,0.191052052154,0.447121858321,0.361826089525
6923011,0.0171418990919,0.121802131444,0.861055969464
6908504,0.184198713958,0.65035741738,0.165443868662
6881050,0.206318768351,0.572597183846,0.221084047803
6892968,0.0157061118246,0.0661335574765,0.918160330699
7346996,0.169817438543,0.600733422758,0.2294491387
6876206,0.0202257247096,0.0815728493579,0.898201425933
6813475,0.0260883871695,0.786598753171,0.187312859659
7190057,0.0308081864248,0.0660770957011,0.903114717874
6838465,0.155783116162,0.675198512834,0.169018371005
6899364,0.0913123192047,0.160463924979,0.748223755816
6891616,0.0119534902605,0.0269052803302,0.961141229409
6836715,0.00488994916316,0.053488948554,0.941621102283
6829616,0.019211104271,0.233284443544,0.747504452185
6829144,0.143175532076,0.269589411951,0.587235055972
6893064,0.0155255871073,0.161734265123,0.82274014777
6861300,0.00389021181554,0.03931904273,0.956790745454
6926847,0.0884720167492,0.438398484419,0.473129498832
6894021,0.126659336189,0.43784159114,0.43549907267
6897946,0.0309934908842,0.164377185509,0.804629323606
6835716,0.0111793775981,0.82378532314,0.165035299262
6832160,0.284475795875,0.439069334736,0.276454869389
6835291,0.0200793448455,0.0819318456862,0.897988809468
6945184,0.014619296237,0.0901467208031,0.89523398296
7140488,0.0358279109093,0.285945817976,0.678226271114
6937850,0.0114551672582,0.697477588635,0.291067244107
6899603,0.00353871591424,0.0358557865017,0.960605497584
6903105,0.144157782336,0.367186106776,0.488656110888
6828476,0.0669882929491,0.183775612671,0.74923609438
6835098,0.00154208871764,0.0100501755789,0.988407735703
6830512,0.122448727229,0.404556361017,0.472994911753
6879997,0.349881137903,0.143366230482,0.506752631616
7131517,0.0173844381932,0.448935791831,0.533679769976
6835955,0.128044483377,0.384186032442,0.487769484181
6875250,0.21619543877,0.15571703385,0.628087527381
6932794,0.0686208789587,0.421740067748,0.509639053293
6948263,0.0172293024657,0.221323994359,0.761446703175
6867201,0.28865486168,0.515320999324,0.196024138997
6882748,0.0469765405715,0.619329327218,0.33369413221
6902842,0.659542217235,0.197477184673,0.142980598092
6847535,0.0124927750578,0.280348663555,0.707158561387
6825267,0.0280982528441,0.209177014539,0.762724732617
6909277,0.00165980198836,0.0252456283926,0.973094569619
7152429,0.197581575231,0.559147433578,0.243270991192
6931179,0.0014094716977,0.0199598035123,0.97863072479
6896746,0.268557090335,0.58934276013,0.142100149535
6937073,0.0106129809016,0.0427847150863,0.946602304012
6934627,0.00114457934356,0.00526223879341,0.993593181863
6887878,0.0954050760197,0.508233971866,0.396360952114
6921531,0.025886532139,0.170307470977,0.803805996884
6897461,0.0433078764778,0.0645493118846,0.892142811638
6862066,0.213728333916,0.121859714562,0.664411951522
6851531,0.0961915031987,0.451256735249,0.452551761552
6928550,0.0170406302879,0.0960942242678,0.886865145444
6945851,0.125110578863,0.449415034834,0.425474386303
6946955,0.023041682748,0.0686770854109,0.908281231841
6869136,0.113241017389,0.75829183759,0.128467145021
6908667,0.0207411045418,0.281372295359,0.697886600099
6820525,0.0235750698094,0.620881179215,0.355543750976
6887970,0.180395897055,0.605431966705,0.21417213624
6848365,0.0379197572575,0.387675557093,0.57440468565
6816173,0.0220842347839,0.0790559833026,0.898859781913
6900732,0.0365501850334,0.12790618017,0.835543634797
6815786,0.0730210766742,0.514479425772,0.412499497554
6945972,0.178565312728,0.323981673125,0.497453014147
6848445,0.11778512835,0.367084055648,0.515130816002
6856486,0.18164500849,0.482440201865,0.335914789646
6867010,0.0100533844384,0.156055544411,0.833891071151
6828257,0.182852394518,0.544685058956,0.272462546526
6871807,0.0715626363699,0.452933262176,0.475504101454
7212966,0.00057699562465,0.00495812203968,0.994464882336
6889959,0.188739905851,0.550237318671,0.261022775479
6915510,0.0083383030504,0.0715695593312,0.920092137618
6905402,0.0108145665457,0.109733719667,0.879451713787
6826100,0.127438851171,0.458495176377,0.414065972452
6848893,0.0253082519962,0.156648476748,0.818043271256
7155647,0.102969033725,0.274995505973,0.622035460302
6812883,0.276233996629,0.619457444677,0.104308558694
6866095,0.013170926598,0.122317753344,0.864511320058
6931127,0.0227524251588,0.160776024404,0.816471550438
6829407,0.00619088148079,0.085482119434,0.908326999085
6867548,0.563915970142,0.370127192126,0.0659568377324
7132575,0.0268257081993,0.325284148147,0.647890143654
6890847,0.0393791355315,0.468149439506,0.492471424963
6916429,0.056937312005,0.345400322094,0.597662365901
6884716,0.810031654863,0.15954672081,0.0304216243266
6896897,0.381960359621,0.388385785105,0.229653855274
6941572,0.0373652566555,0.29954319207,0.663091551274
6945277,0.0764239709561,0.64865450495,0.274921524094
7133293,0.0152540318262,0.0974355833223,0.887310384851
7213385,0.00546173791081,0.0829857560214,0.911552506068
6831928,0.542263515087,0.203196337776,0.254540147136
6932687,0.00952955968377,0.255637208676,0.73483323164
6873877,0.0833973858844,0.27197911029,0.644623503825
7135459,0.120975470549,0.48950851504,0.38951601441
6876620,0.00628794719336,0.0329486447294,0.960763408077
6936163,0.0123890373327,0.0783345178009,0.909276444866
6912398,0.101682332848,0.224954651656,0.673363015496
6917655,0.0144369039583,0.569143647932,0.41641944811
6941149,0.0152448543078,0.0495122074164,0.935242938276
6941378,0.349179967506,0.456277305574,0.19454272692
6882453,0.135445252247,0.302992030759,0.561562716994
7119160,0.0517967593289,0.441259281538,0.506943959133
6868451,0.0482515045101,0.260486291998,0.691262203492
6945881,0.120715380132,0.399816369208,0.47946825066
6822541,0.00257828167628,0.031957054124,0.9654646642
6884355,0.145456534041,0.683718190472,0.170825275487
7132247,0.0549133837578,0.229109637735,0.715976978507
6872049,0.137861542752,0.685341610392,0.176796846856
6890740,0.00408881746796,0.0231746314996,0.972736551032
6840897,0.27236186104,0.447450654854,0.280187484106
6847694,0.142181360759,0.445810516793,0.412008122447
6938196,0.00513137311104,0.125027604554,0.869841022335
6939526,0.178709650102,0.298582641897,0.522707708001
6917529,0.00430431767179,0.0428347252996,0.952860957029
6885636,0.0221960111153,0.0768217808056,0.900982208079
7202614,0.00254492263606,0.0153013534403,0.982153723924
6926453,0.282868745124,0.365163651592,0.351967603284
6844636,0.0554306800504,0.320206157753,0.624363162197
6879293,0.528824597438,0.334956154507,0.136219248055
6924780,0.0781094798218,0.63428768944,0.287602830739
6881024,0.0847526249163,0.287732229668,0.627515145416
6851374,0.0939431348961,0.781006198405,0.125050666699
6850953,0.0438544893786,0.088660062166,0.867485448455
6892292,0.0022185330501,0.0130431912643,0.984738275686
6886159,0.00709968320611,0.0561069674166,0.936793349377
6849877,0.101513312583,0.38953375891,0.508952928507
6940840,0.0202387614576,0.221707893899,0.758053344644
6926838,0.0370314402057,0.366038915245,0.59692964455
6879243,0.23148577592,0.448719410935,0.319794813145
6944286,0.106891051618,0.663492623268,0.229616325114
6915587,0.153803642742,0.706847948232,0.139348409026
6881904,0.0889230617551,0.206124326145,0.7049526121
7154358,0.231617430379,0.305209375396,0.463173194225
6899258,0.0358802245989,0.353978573147,0.610141202254
6855460,0.131628186156,0.568644520957,0.299727292887
6864884,0.0425924955423,0.215229095244,0.742178409213
6868209,0.168760641221,0.420002421764,0.411236937015
6853834,0.0280780474302,0.173601595476,0.798320357094
7210020,0.0332748470682,0.82031899049,0.146406162442
6933228,0.0260479797439,0.0720129746264,0.90193904563
6929227,0.0397114239339,0.215992450748,0.744296125318
7192346,0.182446013029,0.55845047149,0.259103515482
6928834,0.00451475018594,0.071371432731,0.924113817083
6812269,0.0556418979807,0.298944666574,0.645413435445
6851446,0.0423838337632,0.140888125862,0.816728040375
6930820,0.00211393231806,0.0443881006935,0.953497966988
6875310,0.271512400173,0.227977731228,0.500509868599
6932397,0.220656501257,0.418563060439,0.360780438304
6904291,0.00935034673131,0.0376518260529,0.952997827216
6921642,0.0876097635394,0.753957176533,0.158433059928
7136057,0.183105159879,0.232844796685,0.584050043436
6920815,0.0200643827987,0.139983166961,0.839952450241
6861757,0.267309044199,0.26128740196,0.471403553842
6934222,0.104208033513,0.798858162701,0.0969338037864
6946448,0.0259461032392,0.0529045777854,0.921149318975
6890569,0.104191157699,0.508923117447,0.386885724855
6884477,0.0551787611888,0.703957839271,0.24086339954
7145006,0.0111040025873,0.0668943759633,0.922001621449
6893718,0.00433763660301,0.0225780267441,0.973084336653
6893330,0.0287184938464,0.141872208189,0.829409297964
6901780,0.00237282973697,0.0155690741376,0.982058096125
6815738,0.0340667509604,0.279701296146,0.686231952894
6917209,0.0142874291161,0.11604961077,0.869662960114
6904227,0.0121962328599,0.043457565776,0.944346201364
6894402,0.00122596020735,0.012681240127,0.986092799666
7146083,0.103502583145,0.196329761348,0.700167655508
6902153,0.380361059969,0.109475694545,0.510163245485
6925988,0.0112152513805,0.114171839444,0.874612909176
6881323,0.00274675278923,0.0712512455989,0.926002001612
6937405,0.202892308124,0.0632837129012,0.733823978975
7098390,0.205800560929,0.459540575328,0.334658863744
6935942,0.095569240384,0.703276920968,0.201153838648
6833510,0.30145018306,0.475660656878,0.222889160062
6812857,0.096933991505,0.34489653605,0.558169472445
6828441,0.120112136697,0.21108807684,0.668799786462
6915711,0.22609197667,0.673652354813,0.100255668517
6880643,0.504517407487,0.387484526337,0.107998066176
7224930,0.0666181930928,0.352843618371,0.580538188536
6852614,0.00899178386616,0.0440164789512,0.946991737183
6853816,0.0233522836809,0.162166485434,0.814481230885
6811964,0.17639255097,0.38713646917,0.43647097986
6847800,0.0639849921491,0.134966410425,0.801048597426
6859897,0.0540544602261,0.669202783596,0.276742756178
6882929,0.0152748602348,0.0254200985323,0.959305041233
7157584,0.019806688436,0.124818959138,0.855374352426
6863444,0.0146428250415,0.0387492653749,0.946607909584
6836902,0.153038593982,0.10364406176,0.743317344258
6918960,0.0433026932394,0.749297446372,0.207399860389
6882854,0.0461570595636,0.315967948977,0.637874991459
6822755,0.00903529855689,0.0288341450857,0.962130556357
6815184,0.325968128796,0.2922737744,0.381758096804
6846582,0.026710147749,0.126978420546,0.846311431704
6940309,0.00588592346204,0.0530251841882,0.94108889235
6924056,0.00511247894319,0.063755763662,0.931131757395
6824481,0.00522177475916,0.0919594949723,0.902818730269
6839735,0.00224722184282,0.0284042585936,0.969348519564
6900130,0.0394408746716,0.214169672056,0.746389453273
6946739,0.00332245387611,0.0176183066864,0.979059239437
7144008,0.0200163967077,0.0590015235774,0.920982079715
6863751,0.0253097447624,0.0475513283192,0.927138926918
6820293,0.0604871782908,0.39690184443,0.542610977279
6818472,0.00567087023848,0.0854734458828,0.908855683879
6832420,0.0503692963459,0.159964655686,0.789666047968
6879450,0.00214478651731,0.0113411692732,0.986514044209
6943618,0.010347030343,0.145469295389,0.844183674268
6883463,0.0604016428078,0.195457129137,0.744141228055
6834919,0.25281046713,0.493325234684,0.253864298187
7505696,0.0228188012239,0.102516489967,0.874664708809
6903645,0.0446879745213,0.184453255823,0.770858769656
6831148,0.220563928703,0.419348872001,0.360087199296
6828948,0.193195405658,0.646528293892,0.16027630045
6878495,0.0757022194589,0.120462569499,0.803835211043
6924862,0.00452836322251,0.0372049258595,0.958266710918
6887802,0.0333156809874,0.565387538577,0.401296780435
6903228,0.866786032366,0.118157609334,0.0150563583001
6947415,0.000415037634169,0.00488670144832,0.994698260918
