listing_id,high,medium,low
7142618,0.0647760438033,0.7032448461,0.231979110097
7210040,0.909382080134,0.0844801586215,0.00613776124403
7103890,0.027373350642,0.283377360498,0.68924928886
7143442,0.048974512791,0.524515602091,0.426509885118
6860601,0.00849178817675,0.174785679417,0.816722532406
6840081,0.00143494503001,0.0127015226396,0.98586353233
6922337,0.141285409974,0.427199160596,0.43151542943
6913616,0.069610431701,0.774690079954,0.155699488344
6937820,0.0472757038448,0.769208193541,0.183516102614
6893933,0.0101897649264,0.830658676573,0.159151558501
6832604,0.00431818876443,0.019328636432,0.976353174804
6915282,0.188335700853,0.551788740852,0.259875558295
7127565,0.0199839144556,0.175192663703,0.804823421842
6827899,0.0578802046961,0.206945296051,0.735174499253
6934855,0.00295039950603,0.0253691824859,0.971680418008
6861826,0.00818856966529,0.221035210697,0.770776219638
6871643,0.305606785278,0.417891544952,0.27650166977
6842542,0.00123687123143,0.0299537323776,0.968809396391
6934145,0.0160578493323,0.0892610117146,0.894681138953
6829365,0.258980757179,0.492642545882,0.248376696939
7167858,0.0406817971763,0.612082929486,0.347235273337
6859483,0.0255587183614,0.673028998477,0.301412283162
6861377,0.0723335753858,0.246560730759,0.681105693855
6848960,0.0736737563296,0.405800898747,0.520525344923
6918850,0.0151807386071,0.138197380814,0.846621880579
6916867,0.0229800599947,0.857773763117,0.119246176888
6895840,0.0376277277478,0.14161935692,0.820752915332
6813539,0.21136850037,0.762677919396,0.0259535802336
7116900,0.0120211108264,0.585520859009,0.402458030165
6890328,0.337340666549,0.500762580011,0.16189675344
6879406,0.321881815785,0.136486388399,0.541631795815
6824924,0.0306316930367,0.67671116819,0.292657138773
6911302,0.0508144281298,0.382181059804,0.567004512066
6918742,0.0336842727568,0.886744313962,0.0795714132811
6910586,0.013341267635,0.0704061893556,0.916252543009
6821750,0.0485582290199,0.406259794074,0.545181976906
6860647,0.0615554132935,0.514559535076,0.423885051631
6932873,0.0568270140325,0.683960828627,0.259212157341
6846053,0.011306175539,0.0953459795788,0.893347844882
6940365,0.047646853636,0.351840643336,0.600512503028
6931867,0.0169330278908,0.424814175527,0.558252796583
6876383,0.127593572978,0.35075961691,0.521646810112
6910980,0.195191896147,0.499217449501,0.305590654353
6880877,0.550989972235,0.23501603273,0.213993995035
6839552,0.100583019257,0.720338954841,0.179078025902
6838051,0.0142819896828,0.970434317822,0.0152836924953
6928201,0.369264713923,0.320197602876,0.3105376832
6945608,0.057336637807,0.539199921515,0.403463440678
6816147,0.140924849289,0.193689475026,0.665385675685
6868129,0.0700552535186,0.345132704884,0.584812041597
6849448,0.0649534447314,0.321907711742,0.613138843526
7113677,0.195723968338,0.608034001922,0.19624202974
6930856,0.00664691473858,0.753267721836,0.240085363425
6889594,0.1367988554,0.70928990809,0.15391123651
6842682,0.0101803922361,0.108631568891,0.881188038873
6880366,0.208519586825,0.489918033564,0.301562379612
6835063,0.351337253504,0.340217821151,0.308444925345
6820479,0.202077323755,0.529850056625,0.26807261962
6882057,0.0243617605195,0.162359995482,0.813278243998
6834440,0.0684064476456,0.416428020846,0.515165531508
6880846,0.00334039162331,0.122835280164,0.873824328213
6847248,0.00723487368712,0.019898781291,0.972866345022
6868368,0.00405521707989,0.0178649060134,0.978079876907
6943505,0.0111678451839,0.303583509084,0.685248645732
7174304,0.0797422206084,0.42426439723,0.495993382161
6880747,0.0277436613229,0.381600902037,0.59065543664
6933565,0.0538007167301,0.262947928787,0.683251354483
6888511,0.00246927144969,0.0172146755604,0.98031605299
6942704,0.0874824225047,0.362546218752,0.549971358744
6840304,0.102509769835,0.696899800491,0.200590429674
6856860,0.0038412923219,0.0362293581068,0.959929349571
6884921,0.0178713627719,0.154145434205,0.827983203023
6937417,0.00478564597628,0.071246545018,0.923967809006
6831129,0.00206498012755,0.0231109870356,0.974824032837
6936660,0.115958828848,0.353768596002,0.53027257515
6940667,0.0237082277691,0.29181179052,0.684479981711
7201307,0.000807430936566,0.0119428132236,0.98724975584
6825434,0.0162674626053,0.337833210843,0.645899326551
6848114,0.0350440600226,0.524702990683,0.440252949294
6947758,0.0480068801761,0.932810987783,0.0191821320407
6897002,0.149299875665,0.506796257891,0.343903866443
6926661,0.002711816331,0.0607853810061,0.936502802663
6867411,0.0756741583994,0.44186979247,0.482456049131
6910154,0.0220652280412,0.327572090771,0.650362681188
7157900,0.0353087609125,0.304886388968,0.65980485012
6922324,0.0195645547582,0.548188047701,0.43224739754
6863068,0.00551663816798,0.651005690208,0.343477671624
6912109,0.0456901492016,0.330432578467,0.623877272332
6918609,0.0319401939946,0.151645596461,0.816414209545
6889300,0.0741265296012,0.726456746277,0.199416724122
6837794,0.227776551299,0.408516425081,0.36370702362
6943098,0.248684503751,0.188723987497,0.562591508752
6927601,0.110530328321,0.216900765379,0.6725689063
6897826,0.036322557726,0.448005690839,0.515671751435
6882892,0.00239677394385,0.0131813064577,0.984421919598
6873384,0.390946437136,0.449254636054,0.15979892681
6934693,0.0237254358843,0.2388759675,0.737398596616
7224450,0.0287895188447,0.191206445467,0.780004035689
6898157,0.0349730372609,0.0575095000141,0.907517462725
6837355,0.00607730177132,0.0352726683188,0.95865002991
6830595,0.0370012882565,0.798396967449,0.164601744294
6943561,0.373735685299,0.364974876157,0.261289438544
6844380,0.372905990691,0.367892305105,0.259201704204
6814286,0.0751524948488,0.148202506133,0.776644999018
6898520,0.0576951909915,0.771635620232,0.170669188777
6940979,0.10084234763,0.694859137651,0.204298514718
6851090,0.0873652981297,0.812774390513,0.0998603113578
7107169,0.195409875463,0.392868539852,0.411721584685
6830287,0.0634044562733,0.321867684165,0.614727859561
6933575,0.103516306128,0.468559632585,0.427924061287
6938972,0.0593570666649,0.301952160755,0.638690772581
6888315,0.00134276879031,0.0174116170128,0.981245614197
6855106,0.0472859361759,0.191897295117,0.760816768707
6838237,0.0591349305627,0.904041486668,0.036823582769
6901024,0.0536581602215,0.617044130806,0.329297708973
6846627,0.0154652141284,0.0658803990907,0.918654386781
7219857,0.0234618557534,0.0721487351345,0.904389409112
6852685,0.0592835255084,0.280750709043,0.659965765449
6831610,0.0342986451869,0.553440951494,0.41226040332
6943538,0.0805585692496,0.461245265701,0.458196165049
6911637,0.00401402528483,0.060711854542,0.935274120173
6854543,0.0220209115458,0.0717844520718,0.906194636382
6940451,0.0326778462059,0.41954027584,0.547781877955
6819530,0.2415497892,0.396904694713,0.361545516086
7093396,0.0121042621741,0.135883423474,0.852012314352
6840326,0.035247288011,0.0883661488785,0.87638656311
6834204,0.351422429627,0.0637448339454,0.584832736428
6902518,0.317643081367,0.46720848716,0.215148431473
6930253,0.0443461914553,0.44607998282,0.509573825724
6828293,0.00106049536161,0.0275932060534,0.971346298585
7203744,0.719377938598,0.207804376372,0.0728176850298
6816478,0.204871556359,0.195325537742,0.599802905899
6868890,0.00319798143067,0.0463804922738,0.950421526295
6879338,0.0381210589102,0.234296463805,0.727582477285
6898532,0.0564713810786,0.249635346815,0.693893272107
6899965,0.140281615097,0.476366306202,0.383352078701
7133875,0.0055934702494,0.0510608123187,0.943345717432
6822218,0.0262596168182,0.451475881032,0.52226450215
6814018,0.208816919073,0.6340163752,0.157166705727
6896376,0.0633758861765,0.778917469511,0.157706644313
6918670,0.121249024432,0.359026070628,0.51972490494
6867839,0.00272004664563,0.00396957451961,0.993310378835
6823554,0.033275127325,0.102358769011,0.864366103664
6934798,0.204433709462,0.237863448367,0.557702842171
6820823,0.256357576397,0.310281900921,0.433360522682
6880212,0.00999302479945,0.0683334647962,0.921673510404
6934814,0.00834274063918,0.109311235944,0.882346023416
7254134,0.0126762391809,0.117525824496,0.869797936323
6938303,0.590302434802,0.394518840413,0.0151787247843
6813807,0.0333828343551,0.794080864256,0.172536301389
6878604,0.0154386792249,0.0410964521973,0.943464868578
6876763,0.0494304852189,0.501554631299,0.449014883482
6844352,0.00551553156062,0.111638872898,0.882845595542
6915939,0.219550831587,0.405277735086,0.375171433326
7109370,0.052085996169,0.376987774704,0.570926229127
6855445,0.0216546829895,0.054705059226,0.923640257784
6818668,0.0635715838409,0.257690978793,0.678737437366
6836527,0.0480884242802,0.039911461313,0.912000114407
6831717,0.0298588718351,0.476442257935,0.49369887023
6937162,0.137116981958,0.397834090157,0.465048927884
6922876,0.0113579249611,0.0395961858255,0.949045889213
7109482,0.0593301744931,0.359330361854,0.581339463653
6940972,0.0196506650865,0.932030330015,0.0483190048987
6883790,0.0735610126184,0.309299223502,0.61713976388
6921643,0.137208320614,0.16964805675,0.693143622636
6935700,0.00309784002079,0.0502713457313,0.946630814248
6827025,0.010198557049,0.653125193338,0.336676249613
6943096,0.0951041525818,0.270752074742,0.634143772676
7161468,0.0412349261514,0.120511283455,0.838253790394
6879610,0.00351492371337,0.0725080322354,0.923977044051
6935762,0.0421952901305,0.366450862182,0.591353847688
6925042,0.012734078868,0.0928938959788,0.894372025153
7121050,0.018998176941,0.666239363393,0.314762459666
6821601,0.131476357374,0.277973943727,0.590549698899
6926810,0.0111878918726,0.0725347317132,0.916277376414
6946532,0.0120271410466,0.277655582051,0.710317276903
6875171,0.0256638973441,0.381816926213,0.592519176443
7096285,0.00911033062286,0.973985544444,0.0169041249335
6812321,0.140985732504,0.56787527484,0.291138992656
6822697,0.118417181218,0.167744209924,0.713838608858
6941294,0.00432802096924,0.0892775771589,0.906394401872
6873564,0.000684026589897,0.0100859973612,0.989229976049
6926791,0.0195158453445,0.182210651448,0.798273503207
7142444,0.535006429277,0.384830099047,0.0801634716761
6878128,0.390616057028,0.534805391951,0.0745785510209
6927428,0.0106727677865,0.107141222508,0.882186009705
6812674,0.002778497836,0.0144277735859,0.982793728578
6881774,0.0720740160917,0.754641524736,0.173284459172
7167797,0.0074600023102,0.0262212759025,0.966318721787
6865238,0.314364982939,0.573770165009,0.111864852052
6841710,0.245991333107,0.314065557018,0.439943109874
6856334,0.00333969701986,0.0229214069557,0.973738896024
6906462,0.0244345233594,0.13970258296,0.83586289368
6837438,0.0466113012036,0.347640682598,0.605748016199
6908277,0.0890055504975,0.400778937062,0.51021551244
6841291,0.0128904403889,0.0858825211267,0.901227038484
6915178,0.215650302193,0.310480392264,0.473869305543
6893031,0.131962552234,0.684134018859,0.183903428907
6894985,0.0489495250946,0.827833915921,0.123216558984
6931134,0.300022112982,0.407135431665,0.292842455353
6872264,0.315677940699,0.32684305142,0.357479007881
6816953,0.0954644489054,0.326444541749,0.578091009345
7163518,0.0321165279983,0.942939607042,0.0249438649601
6893253,0.0776291173936,0.681689644521,0.240681238086
6943822,0.030757778728,0.311618196418,0.657624024854
6946313,0.0606374689189,0.636974449708,0.302388081373
6839443,0.0160838154628,0.104329041151,0.879587143386
6911338,0.0780601505486,0.388132776754,0.533807072698
7223877,0.770167793162,0.116591638721,0.113240568117
6917884,0.0278549400335,0.730263399481,0.241881660486
6823126,0.0270138328551,0.0299977456912,0.942988421454
6939488,0.341592051087,0.567343616819,0.0910643320939
7196924,0.114557228908,0.314352416667,0.571090354425
6905685,0.00681026815055,0.262035595223,0.731154136627
6894092,0.019933284239,0.168045366612,0.812021349149
6812181,0.0100484563622,0.110795691642,0.879155851996
6854610,0.0399773569386,0.541792798214,0.418229844847
6873754,0.13318293075,0.29216240463,0.57465466462
6859181,0.940669027087,0.0419733542784,0.0173576186348
6825402,0.00528336090252,0.0294097811041,0.965306857993
6819526,0.131169849074,0.129491784403,0.739338366523
6896065,0.00467532214387,0.0338482179244,0.961476459932
6931793,0.015987544452,0.190654643949,0.793357811599
6907360,0.238156618881,0.298543829923,0.463299551196
6813182,0.0162299760431,0.059711440055,0.924058583902
6823959,0.016275862456,0.143183259657,0.840540877887
6942189,0.260059862004,0.577145817257,0.162794320739
6844384,0.0537221145829,0.400415484753,0.545862400664
6836888,0.4602109271,0.321096557633,0.218692515267
6917844,0.0141753114831,0.381544002475,0.604280686042
6937842,0.106751081441,0.537321177318,0.355927741241
6926917,0.0457675383794,0.164374604397,0.789857857224
7160740,0.0173442854597,0.741776837409,0.240878877131
6936310,0.0157745227606,0.816444504051,0.167780973188
6849109,0.17496194107,0.526573434031,0.298464624899
6831018,0.000659300395762,0.00418393945594,0.995156760148
6909842,0.0303824472236,0.138072223129,0.831545329648
6861360,0.00972876947797,0.0867591124537,0.903512118068
6883414,0.269449570853,0.408720656475,0.321829772671
6876026,0.0193326911305,0.910807765515,0.069859543355
7095390,0.143767225878,0.109071920908,0.747160853214
6932265,0.65967253794,0.292703011485,0.0476244505746
6870949,0.0189403238708,0.317924533892,0.663135142238
6831335,0.0398385173096,0.186334670369,0.773826812321
6895698,0.0695259320291,0.271624647986,0.658849419984
6889889,0.120065008807,0.276639916687,0.603295074506
6876679,0.00535422932269,0.084518003736,0.910127766941
6947097,0.623976870854,0.184428258785,0.191594870362
6874970,0.159409670683,0.116594052762,0.723996276555
6831069,0.371918027218,0.473880582951,0.154201389831
6833628,0.0182862417183,0.132367170039,0.849346588242
6819282,0.0933007733189,0.370343274263,0.536355952418
6825025,0.023710396998,0.22610340437,0.750186198632
6856513,0.0251749674993,0.119009045206,0.855815987295
6928711,0.00447464833448,0.0480472330641,0.947478118601
6832548,0.20061806193,0.561225450883,0.238156487187
6881870,0.0107395033738,0.322416987825,0.666843508802
6866978,0.0425251962099,0.847341148823,0.110133654967
7163400,0.0321165279983,0.942939607042,0.0249438649601
6917187,0.776466447532,0.128288521055,0.0952450314123
6927475,0.091144543042,0.431330676015,0.477524780943
6903243,0.0263238018692,0.160087664193,0.813588533938
6876188,0.0324929198983,0.46383621824,0.503670861861
6922219,0.0182003895398,0.31486681642,0.66693279404
7104085,0.0024029697365,0.0106349044314,0.986962125832
6920897,0.263959185106,0.541407576309,0.194633238585
6812177,0.101172218966,0.355425516242,0.543402264791
6941047,0.0339129203179,0.770550724329,0.195536355353
6827609,0.00835388015716,0.0517134464401,0.939932673403
6934328,0.00702035379066,0.129854700318,0.863124945892
6937556,0.217008763639,0.73550631233,0.0474849240309
6879765,0.160597313569,0.614537878156,0.224864808275
6942927,0.0247111219562,0.120235262912,0.855053615132
6945170,0.0344919116156,0.405115438664,0.56039264972
6901915,0.0515301098365,0.326805991631,0.621663898532
6824475,0.046691548703,0.383085161274,0.570223290023
6832968,0.0178750942465,0.198639522173,0.783485383581
7166718,0.00271551300267,0.0112962824273,0.98598820457
6905079,0.0728840581145,0.332024657696,0.59509128419
6940297,0.20630165654,0.595826284216,0.197872059244
6911080,0.0265176488665,0.729345131144,0.24413721999
6917208,0.010128558801,0.900244977727,0.0896264634717
6858925,0.0266981190509,0.54806835576,0.425233525189
7169883,0.160631417497,0.466265065237,0.373103517266
6944112,0.342484295309,0.474661035905,0.182854668786
6885816,0.0882999878971,0.205584559846,0.706115452257
6837733,0.0143912223807,0.0918510468465,0.893757730773
6828658,0.136749044492,0.378500646309,0.484750309199
6839429,0.13226299102,0.432992980516,0.434744028464
7164794,0.0269809662287,0.154057670942,0.818961362829
6837661,0.208132441556,0.427211693136,0.364655865308
6883255,0.0537110164979,0.378881935297,0.567407048205
6833054,0.080315348913,0.264755476006,0.654929175081
7675463,0.219765897042,0.417323819982,0.362910282976
6871526,0.04510198014,0.81347980812,0.14141821174
6876295,0.0222648333356,0.263620463623,0.714114703041
7204045,0.00443785513816,0.0360574098328,0.959504735029
6840357,0.0368566235225,0.550973604103,0.412169772374
6917531,0.0105217099736,0.051444189265,0.938034100761
6886057,0.159275512543,0.750238109384,0.0904863780734
6833734,0.0420887710733,0.396404011369,0.561507217558
6908098,0.0548109434505,0.318899609395,0.626289447155
6860562,0.0471548352935,0.2841232067,0.668721958007
6859167,0.299505455465,0.635432887763,0.0650616567724
6812141,0.146239585533,0.215306047815,0.638454366653
6919431,0.00510434131447,0.0868262361011,0.908069422584
6869389,0.129049187053,0.336907662598,0.534043150349
6906034,0.00609276222014,0.0404159168111,0.953491320969
7108495,0.00285959372296,0.00986174405583,0.987278662221
6864681,0.0682494955493,0.158585940475,0.773164563976
6893982,0.0134467711437,0.202816525506,0.78373670335
6862160,0.0322762194222,0.456480942478,0.5112428381
6854804,0.0225259158394,0.62733324164,0.350140842521
7143164,0.0270820279702,0.279382641673,0.693535330357
6936651,0.0365916002156,0.212477381952,0.750931017832
6837450,0.0331434475323,0.216466560664,0.750389991804
6908259,0.947425416655,0.0498955832148,0.00267900013033
6916539,0.0535305036283,0.198223058769,0.748246437603
6947176,0.128439761013,0.177511435649,0.694048803338
6933958,0.457961656268,0.406325641901,0.135712701831
6816549,0.398627319521,0.357787125869,0.24358555461
6876117,0.00467158890061,0.0823061744603,0.913022236639
6848605,0.0811502470502,0.243760243421,0.675089509529
6840659,0.0325791990461,0.150241298492,0.817179502462
6823496,0.247882368386,0.397352383149,0.354765248466
6912609,0.000303921239981,0.00268736912308,0.997008709637
7097937,0.0190445070437,0.0647368147303,0.916218678226
6924524,0.0770015038204,0.162577338792,0.760421157388
6938236,0.0712867463878,0.267152883296,0.661560370316
6865751,0.00441827769885,0.0165134608551,0.979068261446
6936323,0.00578586808676,0.0600220273018,0.934192104611
6868422,0.244302915796,0.648810500016,0.106886584188
7210133,0.0322202196979,0.162594415337,0.805185364965
7215631,0.0485273321501,0.189267577367,0.762205090483
6940189,0.0103777787536,0.166260517761,0.823361703485
6888941,0.00198801513188,0.0334103599336,0.964601624934
6831598,0.00896010988791,0.720135437196,0.270904452916
6939963,0.00911133446716,0.0627627745322,0.928125891001
6897175,0.443470390692,0.376445748099,0.18008386121
6816167,0.0578892138834,0.330418304073,0.611692482044
6812965,0.104530408525,0.420216832094,0.475252759381
7149372,0.346179597801,0.53774885499,0.116071547209
6875959,0.0169499859234,0.0603789172163,0.92267109686
6925644,0.0983338486424,0.464062519135,0.437603632223
6874269,0.0194131236193,0.201892755222,0.778694121159
6814721,0.0336939759683,0.229105191935,0.737200832097
6922432,0.0227613680482,0.515922660303,0.461315971649
6858861,0.0045391559554,0.0589832336412,0.936477610403
6835339,0.000500244080832,0.00534609646824,0.994153659451
6896997,0.112814311184,0.40369410263,0.483491586186
6921134,0.111208539024,0.601996726202,0.286794734775
6883685,0.591063326815,0.237284006344,0.171652666841
6911406,0.000980142901007,0.00766863250543,0.991351224594
6825733,0.946048403235,0.0468680052115,0.00708359155342
6884462,0.348604549376,0.432719947971,0.218675502653
6858682,0.00746247657104,0.0702369709474,0.922300552482
6894013,0.0203381118235,0.404547138925,0.575114749251
6856391,0.449996504128,0.300002794346,0.250000701526
6828064,0.0117429573619,0.093660424175,0.894596618463
6817336,0.00294438468326,0.0195338406608,0.977521774656
6819178,0.0585980579196,0.20969568667,0.73170625541
7147339,0.200886007266,0.324358145803,0.474755846931
6887757,0.291151720814,0.540183007592,0.168665271594
6946859,0.0352091408617,0.257441027978,0.707349831161
6855963,0.0132543294015,0.110543758457,0.876201912142
6839828,0.0734109591504,0.537290963824,0.389298077026
6870806,0.330684186289,0.339810860691,0.32950495302
6880221,0.0225536163257,0.0966587827358,0.880787600938
6921809,0.0648480698905,0.340083872814,0.595068057296
6897069,0.0338683327576,0.326203589264,0.639928077979
6897157,0.117479271885,0.418322469021,0.464198259095
6898912,0.0139440615742,0.100336412196,0.88571952623
6856271,0.030349856062,0.184074361451,0.785575782487
6888381,0.00400888508883,0.0110132568752,0.984977858036
7099191,0.00161274410788,0.0362387625861,0.962148493306
6917882,0.034331455619,0.345023107669,0.620645436711
6931260,0.000487563142939,0.0136285978178,0.985883839039
6849996,0.0778764586734,0.307740712362,0.614382828964
6887973,0.0831029457464,0.15603488436,0.760862169894
6850205,0.389411962399,0.370546459288,0.240041578312
6845657,0.00623967294581,0.11705681763,0.876703509424
6930302,0.0171911962504,0.0849592293265,0.897849574423
6852391,0.105689609181,0.245259565889,0.64905082493
6920411,0.093208964903,0.67887951326,0.227911521837
6907999,0.00773552783157,0.0795463705074,0.912718101661
6864094,0.0502871497636,0.322475174385,0.627237675852
6813852,0.0356548193957,0.856242683878,0.108102496727
7232295,0.241268626899,0.747239841209,0.0114915318923
6896558,0.0307572588771,0.630284496426,0.338958244697
6858919,0.152029714349,0.209855239534,0.638115046117
6847828,0.00888772986548,0.466516863358,0.524595406776
6925116,0.0811933096335,0.321513041168,0.597293649198
6854687,0.242052293757,0.249401460654,0.508546245588
6946415,0.0333724268446,0.811863374465,0.15476419869
6827859,0.145706197718,0.1193991221,0.734894680182
6884313,0.165542431705,0.678653189049,0.155804379246
6848651,0.022886156604,0.437567102154,0.539546741242
7136298,0.0246519600046,0.26311479478,0.712233245215
6874534,0.0350607733156,0.171549830749,0.793389395936
6908942,0.525703871421,0.400764819742,0.0735313088371
6894718,0.0014514420133,0.0369978291151,0.961550728872
6876449,0.155882722523,0.223761214915,0.620356062562
6825630,0.0768307408546,0.834774851206,0.0883944079395
7155655,0.00551886456298,0.0770182852982,0.917462850139
7201310,0.012681656447,0.0757684665458,0.911549877007
6864334,0.0085900199236,0.16471014665,0.826699833427
6876658,0.0210101384582,0.201012381536,0.777977480006
6842370,0.0519604248023,0.15664211267,0.791397462528
6835467,0.375907454215,0.375209412636,0.248883133149
7227368,0.0726301801144,0.223571486162,0.703798333724
6859482,0.0317165840006,0.262576287273,0.705707128727
6878641,0.045872643611,0.638597342532,0.315530013857
6869916,0.000403986825855,0.00332990739363,0.996266105781
6841060,0.0111723236727,0.407155809802,0.581671866525
6887832,0.0150420414012,0.0855160106464,0.899441947952
6905898,0.00482755951908,0.0764825790065,0.918689861474
7104742,0.0561348531136,0.690173833466,0.253691313421
6948090,0.0219353863246,0.126635703491,0.851428910185
6839851,0.0905810721111,0.476325304229,0.43309362366
6934051,0.179491060987,0.0673460296729,0.753162909341
6888727,0.0998813840956,0.504310240581,0.395808375324
7167478,0.00991623666785,0.0796646193356,0.910419143997
6892109,0.186477981514,0.434911413686,0.3786106048
6908544,0.474594669807,0.379883856747,0.145521473445
6921725,0.0434856683542,0.301361641304,0.655152690342
6932343,0.0766353504958,0.463815341509,0.459549307995
6914309,0.0248420652127,0.102980794921,0.872177139866
6919805,0.0788378820744,0.725130414088,0.196031703838
6947828,0.0437545364471,0.107717337443,0.84852812611
6920362,0.0322595578587,0.392180586235,0.575559855906
7110179,0.714846586357,0.178594368515,0.106559045128
6877834,0.32710985768,0.440469664283,0.232420478037
6876966,0.169145348105,0.351305194285,0.47954945761
6823918,0.0658061628163,0.123888439968,0.810305397216
6871243,0.0170104559938,0.0223439015582,0.960645642448
6928189,0.0736139377073,0.619903809051,0.306482253242
6852455,0.0697819446866,0.138101442314,0.792116613
7208631,0.0294192195909,0.473449132545,0.497131647865
6831811,0.184108603017,0.742009256476,0.0738821405075
6904276,0.0013131105182,0.0255074824818,0.973179407
6831589,0.241730953314,0.284589177733,0.473679868953
6901814,0.00663741778682,0.464540804757,0.528821777456
6854667,0.604623763362,0.301229285364,0.0941469512743
7192650,0.0604129309191,0.261233245027,0.678353824054
6836299,0.0212613344742,0.34855608728,0.630182578245
6887919,0.0230240503079,0.0484297923993,0.928546157293
6927679,0.0454017133798,0.436698204508,0.517900082112
6855908,0.124577279203,0.487357255638,0.388065465159
6854766,0.0208484741433,0.129482246167,0.849669279689
6847472,0.120068777589,0.253802952385,0.626128270027
6862519,0.0176923812581,0.27131353643,0.710994082312
6938819,0.191050668096,0.289333291045,0.519616040859
6945434,0.03641661174,0.477274653632,0.486308734628
6832722,0.697401281439,0.0927267092484,0.209872009313
6852707,0.0973231178762,0.285045987202,0.617630894922
7177680,0.0286391936712,0.275007218615,0.696353587714
6834945,0.00296333549616,0.00959784781519,0.987438816689
6890316,0.0141609141998,0.366713760523,0.619125325277
6816620,0.0329098209554,0.071379853378,0.895710325667
6945175,0.0050363391565,0.0619602971347,0.933003363709
6914016,0.00719618832215,0.461665150734,0.531138660944
6852619,0.107421961247,0.270862602236,0.621715436517
6813211,0.153358270494,0.589993815655,0.256647913851
6820546,0.0273236656627,0.187903796097,0.784772538241
6836128,0.0201601713348,0.070541450575,0.90929837809
6850557,0.224902362743,0.738591896186,0.0365057410706
6864997,0.0701326361359,0.0268111842098,0.903056179654
6883705,0.00873717766863,0.0244822901914,0.96678053214
6898767,0.0859430677756,0.256359163513,0.657697768711
6866020,0.00859256441418,0.37940553388,0.612001901706
7126382,0.805980744914,0.156869064846,0.0371501902404
6847427,0.159576503408,0.574069742337,0.266353754255
6841013,0.0461201535243,0.291266595599,0.662613250877
6909469,0.00414169725522,0.0107751080698,0.985083194675
6922473,0.00873405246606,0.0776613918901,0.913604555644
6925906,0.0856016868628,0.463934327535,0.450463985603
6946014,0.0318802720473,0.795022941663,0.17309678629
6820739,0.0175665366273,0.273757846033,0.70867561734
6927559,0.527959484254,0.313934333214,0.158106182532
7174772,0.0088952750534,0.14264232788,0.848462397066
6931036,0.0122553541563,0.336989626951,0.650755018893
6918163,0.0235359034021,0.18458997627,0.791874120328
6893604,0.101981136861,0.437810812333,0.460208050806
6868844,0.0121882165116,0.158389122092,0.829422661396
6814537,0.511721073743,0.368010057394,0.120268868863
6916118,0.00415760168489,0.0127987092293,0.983043689086
6838509,0.0774291855805,0.477331211883,0.445239602537
6919725,0.147204812607,0.499670704346,0.353124483047
6932476,0.00138897316096,0.00832924937861,0.99028177746
6860496,0.0431332146114,0.212225032951,0.744641752437
7156799,0.0804624463777,0.579088820917,0.340448732705
6837521,0.808641927724,0.0450677798749,0.146290292401
6913204,0.0439630306394,0.248537833952,0.707499135409
6947516,0.0366780043028,0.380083133813,0.583238861885
6838117,0.0151907251208,0.089422549095,0.895386725784
6933366,0.0239378380332,0.229049529463,0.747012632504
7134198,0.0405927241276,0.194733604001,0.764673671871
6898450,0.0361978552194,0.397037764815,0.566764379966
6819926,0.0595158952799,0.214376611101,0.726107493619
6947698,0.0522724223933,0.373572142638,0.574155434969
6838721,0.0224921729187,0.147179384656,0.830328442426
6936661,0.0328406688117,0.167380861611,0.799778469577
6912257,0.0330311814358,0.258919735518,0.708049083046
6905569,0.0100412477101,0.0557668890937,0.934191863196
6927167,0.175463341901,0.44681517633,0.377721481769
7150689,0.00467815503593,0.016018678608,0.979303166356
6820358,0.0792198964722,0.604410571584,0.316369531943
6945045,0.161335204302,0.698740978423,0.139923817276
6866884,0.0325409399955,0.640838824995,0.326620235009
6820658,0.249255201961,0.31358942617,0.43715537187
6826462,0.00924403280572,0.701372789116,0.289383178078
6932390,0.0269998273262,0.251910037085,0.721090135589
6905031,0.173853571919,0.495909131293,0.330237296789
6923011,0.00581656232326,0.214335038562,0.779848399115
6908504,0.0998900496527,0.647672202049,0.252437748298
6881050,0.254109427568,0.668654349152,0.0772362232807
6892968,0.00869071104494,0.0737727302772,0.917536558678
7346996,0.138916751381,0.756626830364,0.104456418255
6876206,0.00480872406801,0.0927051254973,0.902486150435
6813475,0.00987711768056,0.938653773127,0.0514691091929
7190057,0.0760681470791,0.10227939154,0.82165246138
6838465,0.16709105522,0.706214204072,0.126694740709
6899364,0.09928847456,0.253785948552,0.646925576888
6891616,0.0138710705097,0.0264174378588,0.959711491631
6836715,0.00572222874619,0.0503940319109,0.943883739343
6829616,0.0167899097096,0.343456096065,0.639753994225
6829144,0.0452292502905,0.427635096888,0.527135652822
6893064,0.017180417625,0.231712853526,0.751106728849
6861300,0.00254179705066,0.0393742471467,0.958083955803
6926847,0.0420037158579,0.498066287195,0.459929996947
6894021,0.13477269301,0.581036984644,0.284190322346
6897946,0.0313418448208,0.154838226811,0.813819928368
6835716,0.0109221324979,0.808600400577,0.180477466925
6832160,0.250620781623,0.521768085992,0.227611132386
6835291,0.0239360746214,0.103219061045,0.872844864333
6945184,0.00489009313742,0.468075624435,0.527034282427
7140488,0.0583551516119,0.311505726428,0.63013912196
6937850,0.00928871611212,0.841448059199,0.149263224689
6899603,0.00274867838648,0.0453787729508,0.951872548663
6903105,0.119203468798,0.359938027256,0.520858503947
6828476,0.072056556858,0.138804656927,0.789138786215
6835098,0.00173571259042,0.00972343851378,0.988540848896
6830512,0.121578872488,0.359608254684,0.518812872828
6879997,0.145150474801,0.117014613791,0.737834911408
7131517,0.0123219433497,0.288253546704,0.699424509947
6835955,0.153756983659,0.425727825353,0.420515190988
6875250,0.157988342064,0.382351292388,0.459660365549
6932794,0.0833235652804,0.25585981536,0.66081661936
6948263,0.00663787031151,0.455102928279,0.538259201409
6867201,0.118968382374,0.774369183351,0.106662434275
6882748,0.0269390237921,0.64937360723,0.323687368978
6902842,0.395199107172,0.522844432931,0.0819564598972
6847535,0.0165280979791,0.299416524633,0.684055377388
6825267,0.0342055137097,0.173884471804,0.791910014486
6909277,0.00106063571232,0.0288879729316,0.970051391356
7152429,0.167389778783,0.608826269009,0.223783952208
6931179,0.00136908732465,0.0127897896198,0.985841123056
6896746,0.143575824398,0.725310413486,0.131113762115
6937073,0.00524657606198,0.0350755389296,0.959677885008
6934627,0.00076187573309,0.00487010727859,0.994368016988
6887878,0.0720051747273,0.411311700923,0.51668312435
6921531,0.0389008360297,0.224383688435,0.736715475535
6897461,0.109020627978,0.132339415705,0.758639956317
6862066,0.429335361712,0.124566404929,0.446098233359
6851531,0.0631123745145,0.351605613311,0.585282012174
6928550,0.0156022990249,0.110883003275,0.8735146977
6945851,0.113983867378,0.660725462641,0.225290669981
6946955,0.00908401117337,0.112536033416,0.87837995541
6869136,0.113443243782,0.819478216853,0.067078539365
6908667,0.0206498942161,0.334017966795,0.645332138988
6820525,0.0190409981288,0.678700549998,0.302258451873
6887970,0.182726098293,0.637940244245,0.179333657462
6848365,0.0456830878473,0.375733815012,0.578583097141
6816173,0.0152550828449,0.0968361032724,0.887908813883
6900732,0.137966864319,0.196801841052,0.66523129463
6815786,0.0947358480675,0.483186829464,0.422077322469
6945972,0.171346859525,0.332932365604,0.495720774871
6848445,0.127369814949,0.437474801226,0.435155383824
6856486,0.154351882976,0.523737314153,0.321910802871
6867010,0.00620860448178,0.1500324535,0.843758942018
6828257,0.0527232913987,0.764810905302,0.182465803299
6871807,0.0845336661021,0.524487887476,0.390978446422
7212966,0.000385105898827,0.00417212797347,0.995442766128
6889959,0.460923063432,0.226442301052,0.312634635516
6915510,0.00920633478142,0.0800462432288,0.91074742199
6905402,0.0105721398874,0.0849487877876,0.904479072325
6826100,0.100904857235,0.445080212059,0.454014930705
6848893,0.0324751565818,0.157660859434,0.809863983984
7155647,0.0755268745705,0.473567823975,0.450905301454
6812883,0.29941634939,0.5340668278,0.16651682281
6866095,0.0126757442698,0.116357563334,0.870966692396
6931127,0.00821994932032,0.146577326837,0.845202723843
6829407,0.00690453017597,0.105772342631,0.887323127193
6867548,0.43863394342,0.517283138237,0.0440829183437
7132575,0.0140399070347,0.262886074347,0.723074018618
6890847,0.0375880551744,0.667301953866,0.295109990959
6916429,0.0429107556632,0.790478954087,0.16661029025
6884716,0.75745957985,0.200715501489,0.0418249186609
6896897,0.346680035717,0.317532181013,0.335787783271
6941572,0.0641964514607,0.276217738296,0.659585810243
6945277,0.0569152145312,0.744794112404,0.198290673065
7133293,0.0200466461628,0.133259547642,0.846693806195
7213385,0.00488218597359,0.0578318636316,0.937285950395
6831928,0.631138025325,0.275994725639,0.092867249036
6932687,0.0123390965651,0.368394891167,0.619266012268
6873877,0.228174037621,0.266713926171,0.505112036208
7135459,0.0968397745998,0.452415274464,0.450744950936
6876620,0.00193189951762,0.0498671442586,0.948200956224
6936163,0.0043933620736,0.0531100305732,0.942496607353
6912398,0.0670454895227,0.197095289383,0.735859221095
6917655,0.0134884124284,0.843805787021,0.14270580055
6941149,0.00620024480991,0.0264986613164,0.967301093874
6941378,0.666789038103,0.272644644974,0.0605663169232
6882453,0.309563322657,0.155512579618,0.534924097725
7119160,0.0294048893879,0.702993236253,0.267601874359
6868451,0.0712630782137,0.277434742363,0.651302179423
6945881,0.151588501017,0.593872521859,0.254538977124
6822541,0.000665166928859,0.0123989038657,0.986935929205
6884355,0.220330610049,0.733021729339,0.0466476606115
7132247,0.0546896659305,0.437647453357,0.507662880712
6872049,0.0460139966163,0.781603618214,0.17238238517
6890740,0.00257901929895,0.0264773582803,0.970943622421
6840897,0.257203625322,0.510189084464,0.232607290214
6847694,0.189284364311,0.551583696847,0.259131938842
6938196,0.00397629956893,0.189368430707,0.806655269724
6939526,0.232127567143,0.343334084705,0.424538348152
6917529,0.00426589182202,0.0429913489059,0.952742759272
6885636,0.0283960888148,0.0922312807265,0.879372630459
7202614,0.00405281455402,0.0219262607555,0.97402092469
6926453,0.192519257812,0.600260970174,0.207219772014
6844636,0.0485151731954,0.313493102357,0.637991724448
6879293,0.387887074883,0.474328037639,0.137784887478
6924780,0.0409864009863,0.794178049349,0.164835549665
6881024,0.0456202982786,0.601806326791,0.35257337493
6851374,0.0676238415571,0.87942957113,0.0529465873127
6850953,0.0580343833825,0.0813948212667,0.860570795351
6892292,0.000963538476143,0.0120460917061,0.986990369818
6886159,0.00533701112538,0.0441372951793,0.950525693695
6849877,0.0860117196148,0.436142603692,0.477845676693
6940840,0.0241553714824,0.252694705938,0.723149922579
6926838,0.0292408841343,0.299840422405,0.67091869346
6879243,0.207718827769,0.474256040797,0.318025131434
6944286,0.0609688932655,0.51526686365,0.423764243085
6915587,0.210814990051,0.64213526385,0.1470497461
6881904,0.102905542876,0.266030339028,0.631064118097
7154358,0.208185117502,0.235093764081,0.556721118417
6899258,0.0668919234471,0.307478645686,0.625629430867
6855460,0.130328434357,0.632701033508,0.236970532135
6864884,0.0686682833694,0.269603351019,0.661728365611
6868209,0.0665576116851,0.611696913845,0.32174547447
6853834,0.0231439641845,0.25637458266,0.720481453155
7210020,0.0133433695729,0.891626092869,0.0950305375578
6933228,0.0220235859589,0.0948453643054,0.883131049736
6929227,0.0424005166964,0.284854777813,0.672744705491
7192346,0.143459144637,0.471266398601,0.385274456762
6928834,0.00228869440459,0.0586359944338,0.939075311162
6812269,0.00897455142184,0.425856397067,0.565169051511
6851446,0.0155195341969,0.183752562638,0.800727903165
6930820,0.00110664376543,0.0419904613744,0.95690289486
6875310,0.0997571698323,0.391315355646,0.508927474522
6932397,0.103167324912,0.609552565364,0.287280109724
6904291,0.00479165675888,0.0237254866731,0.971482856568
6921642,0.0644836659444,0.889559626407,0.0459567076485
7136057,0.181233221725,0.25141636055,0.567350417725
6920815,0.0173950124656,0.120846852503,0.861758135032
6861757,0.232164254958,0.263470129937,0.504365615105
6934222,0.0587236988157,0.879785683321,0.0614906178635
6946448,0.019816275251,0.0477096589452,0.932474065804
6890569,0.0977081550032,0.59250617393,0.309785671067
6884477,0.0240888085514,0.812401035024,0.163510156425
7145006,0.00450376241786,0.0511075374315,0.944388700151
6893718,0.0012145229088,0.0137600508683,0.985025426223
6893330,0.0420075894152,0.152092906068,0.805899504517
6901780,0.00196638358532,0.0151668321721,0.982866784243
6815738,0.0759627866577,0.413485896301,0.510551317042
6917209,0.0170341717117,0.131918749904,0.851047078385
6904227,0.0106495726739,0.0579661890257,0.9313842383
6894402,0.00109030344356,0.0126376122422,0.986272084314
7146083,0.0679849467179,0.416538317102,0.51547673618
6902153,0.622505917206,0.034053446644,0.34344063615
6925988,0.00626407037926,0.0808924428098,0.912843486811
6881323,0.00260963435051,0.0941364510248,0.903253914625
6937405,0.163047746734,0.143993944458,0.692958308808
7098390,0.183952086392,0.459742708605,0.356305205002
6935942,0.0981544431109,0.727448101208,0.174397455681
6833510,0.281519585616,0.591025821522,0.127454592861
6812857,0.104504904368,0.348357751267,0.547137344365
6828441,0.0867598575737,0.277181542674,0.636058599753
6915711,0.119731484378,0.821823352723,0.0584451628984
6880643,0.658139065211,0.233487427956,0.108373506833
7224930,0.0465971464138,0.551477330601,0.401925522985
6852614,0.00483732389604,0.0418054113906,0.953357264713
6853816,0.030111980447,0.192067815156,0.777820204397
6811964,0.183951401206,0.322007410571,0.494041188223
6847800,0.112409112231,0.120942407667,0.766648480103
6859897,0.0551565316552,0.668013646857,0.276829821488
6882929,0.0137566539394,0.0221826452709,0.96406070079
7157584,0.0183540489726,0.114579472607,0.867066478421
6863444,0.0284905782202,0.0770541692963,0.894455252484
6836902,0.0544676729643,0.121632644011,0.823899683025
6918960,0.0268552684767,0.859971171238,0.113173560286
6882854,0.069636178842,0.315403319292,0.614960501866
6822755,0.00145777652658,0.0264752628966,0.972066960577
6815184,0.198625574715,0.576800813404,0.224573611881
6846582,0.0839116214292,0.153571433865,0.762516944705
6940309,0.00901405394301,0.061391101182,0.929594844875
6924056,0.00703103298315,0.0634509617709,0.929518005246
6824481,0.00664024687535,0.149343281569,0.844016471556
6839735,0.00235276235395,0.0438718491988,0.953775388447
6900130,0.0437401233287,0.222429073257,0.733830803414
6946739,0.00263350149795,0.017348204915,0.980018293587
7144008,0.012572116093,0.0662363362219,0.921191547685
6863751,0.0170493797346,0.0260320521818,0.956918568084
6820293,0.0351280596796,0.273729591862,0.691142348458
6818472,0.00849907364061,0.147402516708,0.844098409652
6832420,0.0430820277119,0.192371441869,0.764546530419
6879450,0.00297196426644,0.0201263069554,0.976901728778
6943618,0.00864669709637,0.190789575554,0.800563727349
6883463,0.0632000910594,0.203821923371,0.73297798557
6834919,0.244444667514,0.70209803701,0.053457295476
7505696,0.0292217425048,0.143608047081,0.827170210414
6903645,0.0791433921769,0.309864943878,0.610991663945
6831148,0.217398987165,0.431501810553,0.351099202282
6828948,0.171952790449,0.701348278887,0.126698930663
6878495,0.0286103088021,0.0595354483749,0.911854242823
6924862,0.00424508002183,0.043307285073,0.952447634905
6887802,0.0153241767766,0.522365563962,0.462310259261
6903228,0.687621248176,0.274402226424,0.0379765253995
