listing_id,high,medium,low
7142618,0.0719049910637,0.342430306107,0.585664702829
7210040,0.289329477089,0.33534591231,0.375324610601
7103890,0.0329368775251,0.186781311366,0.780281811109
7143442,0.144359713241,0.40238543648,0.453254850279
6860601,0.0207891396495,0.355568239754,0.623642620597
6840081,0.00325,0.0800817231627,0.916668276837
6922337,0.107733562132,0.305682038989,0.58658439888
6913616,0.233624157294,0.426666672199,0.339709170506
6937820,0.0797205102302,0.23780314483,0.68247634494
6893933,0.0457564577491,0.389831019011,0.56441252324
6832604,0.0061484230715,0.028540465362,0.965311111566
6915282,0.176884114671,0.492244424398,0.330871460931
7127565,0.0459616629023,0.29360150004,0.660436837058
6827899,0.0549511445297,0.139526717555,0.805522137916
6934855,0.0107104388888,0.0543299499346,0.934959611177
6861826,0.0344512545948,0.27190560884,0.693643136565
6871643,0.118798157684,0.282727611061,0.598474231255
6842542,0.00923846847788,0.130750050021,0.860011481501
6934145,0.0319239872275,0.150596594196,0.817479418576
6829365,0.180855112505,0.419587095231,0.399557792264
7167858,0.0543203108109,0.358590780948,0.587088908242
6859483,0.0548860497898,0.377606187636,0.567507762574
6861377,0.069007922677,0.230061359357,0.700930717966
6848960,0.13569396075,0.305883377787,0.558422661463
6918850,0.0303833257907,0.218175532895,0.751441141314
6916867,0.163882745892,0.352009888894,0.484107365214
6895840,0.0160130613576,0.141712254737,0.842274683905
6813539,0.413312366383,0.37868277445,0.208004859167
7116900,0.105645596522,0.35506601835,0.539288385128
6890328,0.325425005863,0.339213152639,0.335361841499
6879406,0.0772038946813,0.285166844773,0.637629260546
6824924,0.125888349798,0.347001755457,0.527109894745
6911302,0.0954404252144,0.176250315325,0.72830925946
6918742,0.0987346738139,0.662975139068,0.238290187118
6910586,0.0151975451766,0.111600952497,0.873201502327
6821750,0.0255962144577,0.246450040583,0.727953744959
6860647,0.0811702162128,0.374655276627,0.54417450716
6932873,0.101111422285,0.418620316617,0.480268261097
6846053,0.0331639622748,0.170917749695,0.795918288031
6940365,0.0862849495863,0.322184851602,0.591530198812
6931867,0.02891690853,0.21392817422,0.75715491725
6876383,0.143673805472,0.274879038309,0.581447156219
6910980,0.230043419595,0.420509962787,0.349446617618
6880877,0.179126574531,0.292931570381,0.527941855087
6839552,0.0973692773364,0.478965384596,0.423665338068
6838051,0.269794807211,0.420296405024,0.309908787765
6928201,0.3620226838,0.306066300436,0.331911015764
6945608,0.245604735176,0.507463739326,0.246931525497
6816147,0.0931642113497,0.177761838619,0.729073950032
6868129,0.0695198112168,0.397922490399,0.532557698384
6849448,0.0476672919098,0.24282560043,0.70950710766
7113677,0.225639365511,0.387426548592,0.386934085897
6930856,0.135035011593,0.395810313694,0.469154674714
6889594,0.14460199291,0.386823954055,0.468574053035
6842682,0.0235515695245,0.148322816375,0.8281256141
6880366,0.174979893954,0.364090355438,0.460929750608
6835063,0.026,0.217511363636,0.756488636364
6820479,0.320121486608,0.328304671834,0.351573841558
6882057,0.0154573144509,0.201291042878,0.783251642672
6834440,0.104922053694,0.374308968328,0.520768977978
6880846,0.03,0.211683908046,0.758316091954
6847248,0.0313610623267,0.17217151319,0.796467424484
6868368,0.00589789107031,0.0754361686217,0.918665940308
6943505,0.0383292711497,0.200937826065,0.760732902785
7174304,0.0511156108808,0.350517046733,0.598367342387
6880747,0.0776054229517,0.239931799397,0.682462777651
6933565,0.0817112754799,0.328474974874,0.589813749646
6888511,0.00706911004102,0.0381415195292,0.95478937043
6942704,0.0817468189196,0.359591084483,0.558662096598
6840304,0.10110576637,0.385427913307,0.513466320323
6856860,0.0392644539331,0.264861066989,0.695874479078
6884921,0.0271502191308,0.199452477537,0.773397303332
6937417,0.0163124499246,0.140156775369,0.843530774706
6831129,0.013,0.037,0.95
6936660,0.165252907163,0.368631233185,0.466115859653
6940667,0.0253235082166,0.12978421398,0.844892277803
7201307,0.001,0.0445376217809,0.954462378219
6825434,0.0219300048279,0.255869486823,0.722200508349
6848114,0.126663208723,0.217242013591,0.656094777686
6947758,0.379175940495,0.341135494131,0.279688565374
6897002,0.0848960772395,0.367992585136,0.547111337625
6926661,0.00321820989926,0.117025736636,0.879756053464
6867411,0.103474753749,0.311084422476,0.585440823775
6910154,0.0542780505018,0.241060306458,0.704661643041
7157900,0.0546393490788,0.266138830296,0.679221820625
6922324,0.0681975683112,0.360941164526,0.570861267163
6863068,0.0416059177502,0.35756391191,0.60083017034
6912109,0.0503639582894,0.266131519376,0.683504522335
6918609,0.0504416994585,0.256980542723,0.692577757818
6889300,0.164236182167,0.337171133244,0.498592684589
6837794,0.132045627337,0.321393798593,0.54656057407
6943098,0.147033241519,0.252441431271,0.60052532721
6927601,0.14190213518,0.28941752248,0.56868034234
6897826,0.0539075912561,0.371873140101,0.574219268642
6882892,0.00421506580938,0.0368465453915,0.958938388799
6873384,0.317171218147,0.384022500467,0.298806281386
6934693,0.0806524360908,0.289078088219,0.63026947569
7224450,0.0671095181262,0.335657246358,0.597233235515
6898157,0.0684030023352,0.192378735713,0.739218261952
6837355,0.0168079649073,0.19743164941,0.785760385683
6830595,0.192733739903,0.509505577801,0.297760682295
6943561,0.20706863214,0.443978709718,0.348952658141
6844380,0.184650608386,0.399071965646,0.416277425967
6814286,0.0642947897862,0.181738412662,0.753966797552
6898520,0.149360776653,0.425719622679,0.424919600668
6940979,0.331296628987,0.285314417895,0.383388953118
6851090,0.222934415346,0.376833002199,0.400232582455
7107169,0.040368729568,0.375015595681,0.584615674751
6830287,0.115335501872,0.261660198057,0.62300430007
6933575,0.0835556057751,0.4719434061,0.444500988125
6938972,0.042395760783,0.16559005511,0.792014184107
6888315,0.00424628539576,0.0417328321103,0.954020882494
6855106,0.0313982065784,0.212445586031,0.75615620739
6838237,0.27116831871,0.467122694221,0.261708987069
6901024,0.0920000713491,0.345502708168,0.562497220483
6846627,0.0573362236542,0.168691597866,0.773972178479
7219857,0.0471478371132,0.283143372684,0.669708790203
6852685,0.0698372152096,0.272003741734,0.658159043056
6831610,0.156705200181,0.419395090656,0.423899709162
6943538,0.114866265189,0.450502684382,0.434631050429
6911637,0.0306362323492,0.214639057872,0.754724709779
6854543,0.034531412132,0.187913435966,0.777555151902
6940451,0.0845549620209,0.350471806748,0.564973231231
6819530,0.28638151956,0.333270225073,0.380348255366
7093396,0.0531191201122,0.277762135161,0.669118744727
6840326,0.0214712184124,0.196883493441,0.781645288147
6834204,0.0513690065681,0.235101820643,0.713529172789
6902518,0.1723848271,0.263948125257,0.563667047644
6930253,0.0800018112905,0.323846828833,0.596151359876
6828293,0.0010099009901,0.0848216547664,0.914168444244
7203744,0.449000005736,0.17893609226,0.372063902004
6816478,0.166996038689,0.356658094405,0.476345866906
6868890,0.0113775362838,0.118659843721,0.869962619995
6879338,0.0768854290601,0.345948455574,0.577166115366
6898532,0.102580577723,0.301400787239,0.596018635038
6899965,0.101756750475,0.18295236409,0.715290885435
7133875,0.0123355910614,0.0582075590818,0.929456849857
6822218,0.0786956235816,0.284876799303,0.636427577115
6814018,0.313642721119,0.302498520112,0.383858758769
6896376,0.120092445218,0.444518438008,0.435389116774
6918670,0.100602522462,0.293172953446,0.606224524092
6867839,0.0065,0.039020979021,0.954479020979
6823554,0.022778330626,0.112014002454,0.86520766692
6934798,0.122864395961,0.240695815789,0.63643978825
6820823,0.1386877282,0.405261714884,0.456050556916
6880212,0.0176245665645,0.098050317075,0.88432511636
6934814,0.0294069119205,0.146484772506,0.824108315573
7254134,0.0931177166376,0.201637886626,0.705244396736
6938303,0.212213251383,0.573420645621,0.214366102996
6813807,0.142750833805,0.408557268398,0.448691897797
6878604,0.0211617647059,0.0774334212306,0.901404814064
6876763,0.0574927494909,0.293123810059,0.64938344045
6844352,0.0139666295813,0.15021082215,0.835822548268
6915939,0.336651093447,0.341621384645,0.321727521908
7109370,0.0855275674268,0.325543231755,0.588929200818
6855445,0.123611461176,0.178599635432,0.697788903392
6818668,0.0666790502183,0.220391306516,0.712929643266
6836527,0.026,0.162103448276,0.811896551724
6831717,0.0482613947483,0.342024859716,0.609713745536
6937162,0.100851532265,0.364279795366,0.53486867237
6922876,0.002,0.0643377541998,0.9336622458
7109482,0.0680024824015,0.392471428228,0.53952608937
6940972,0.0930540469562,0.393666987131,0.513278965913
6883790,0.102109294872,0.396277585791,0.501613119337
6921643,0.101241166437,0.234251875191,0.664506958371
6935700,0.0298225878648,0.269231698002,0.700945714133
6827025,0.0562254163669,0.311005624737,0.632768958896
6943096,0.069422004398,0.245420045898,0.685157949704
7161468,0.0229257454292,0.188525985193,0.788548269378
6879610,0.0599283768723,0.248177510614,0.691894112514
6935762,0.0579468120209,0.247815891423,0.694237296556
6925042,0.0195090241365,0.109794191697,0.870696784167
7121050,0.0387482522258,0.258430836214,0.702820911561
6821601,0.154805730466,0.268012967292,0.577181302242
6926810,0.0221976043169,0.122568547326,0.855233848357
6946532,0.051281838226,0.25668435705,0.692033804724
6875171,0.0724849762605,0.33494583249,0.59256919125
7096285,0.146242598828,0.292450254512,0.56130714666
6812321,0.0694222357952,0.381798801237,0.548778962968
6822697,0.0927351864759,0.199449265348,0.707815548176
6941294,0.0113506822017,0.197871553891,0.790777763908
6873564,0.0112124458714,0.0174456795718,0.971341874557
6926791,0.0334347990588,0.362853346279,0.603711854662
7142444,0.564574618029,0.328695475766,0.106729906205
6878128,0.201199036382,0.525945738722,0.272855224896
6927428,0.144566825988,0.296334455759,0.559098718253
6812674,0.001,0.00567803030303,0.993321969697
6881774,0.181792770777,0.360200427112,0.458006802111
7167797,0.0143773375344,0.179722954399,0.805899708067
6865238,0.189031197758,0.483799834236,0.327168968006
6841710,0.0919306747188,0.303695880365,0.604373444916
6856334,0.0162147809244,0.0721418664999,0.911643352576
6906462,0.0189582927052,0.227303923163,0.753737784132
6837438,0.121320152297,0.328584290177,0.550095557526
6908277,0.146946620343,0.469183606293,0.383869773364
6841291,0.0361508383933,0.135064013833,0.828785147773
6915178,0.19705197112,0.469786325576,0.333161703304
6893031,0.152113702235,0.438259915134,0.409626382631
6894985,0.199793537081,0.394896500756,0.405309962163
6931134,0.181322095307,0.27893280439,0.539745100304
6872264,0.230856593732,0.375811933175,0.393331473093
6816953,0.134871550594,0.290265175279,0.574863274127
7163518,0.324789148407,0.363503139318,0.311707712275
6893253,0.0622801424702,0.317040221407,0.620679636123
6943822,0.125720438444,0.341402046563,0.532877514993
6946313,0.0812932828182,0.35681131823,0.561895398952
6839443,0.0312496193294,0.142387761565,0.826362619106
6911338,0.0672575013646,0.29338913336,0.639353365275
7223877,0.454059557028,0.226114174388,0.319826268584
6917884,0.046384119377,0.395856388708,0.557759491915
6823126,0.0472959372631,0.32722506999,0.625478992747
6939488,0.196624516498,0.319986491022,0.48338899248
7196924,0.133282413093,0.318870790802,0.547846796105
6905685,0.0613973199014,0.274785002783,0.663817677315
6894092,0.0467194123187,0.275386959108,0.677893628574
6812181,0.04807066066,0.2373881726,0.71454116674
6854610,0.0481928913029,0.32047175719,0.631335351507
6873754,0.115628025613,0.275560806167,0.60881116822
6859181,0.833209213251,0.0924846273292,0.0743061594203
6825402,0.0313237892758,0.206981825764,0.76169438496
6819526,0.0348653939217,0.250220054686,0.714914551392
6896065,0.00399965999595,0.126510235612,0.869490104392
6931793,0.0683910064502,0.294963263099,0.63664573045
6907360,0.0708557185982,0.236892079683,0.692252201719
6813182,0.0679426613412,0.289208851279,0.64284848738
6823959,0.0736506799988,0.180248014708,0.746101305293
6942189,0.167522109066,0.481534189238,0.350943701696
6844384,0.0354831045278,0.29234298487,0.672173910602
6836888,0.380719102211,0.318527428636,0.300753469153
6917844,0.0587889803677,0.264576070597,0.676634949035
6937842,0.122199901288,0.411415383547,0.466384715165
6926917,0.120464774708,0.286812925631,0.592722299661
7160740,0.0474845734569,0.454843220386,0.497672206157
6936310,0.063530726217,0.390444039243,0.546025234539
6849109,0.194318283582,0.414870498547,0.390811217872
6831018,0.00402507079941,0.0152450011215,0.980729928079
6909842,0.027575005269,0.137692716451,0.83473227828
6861360,0.0283146688044,0.234244064366,0.73744126683
6883414,0.166091090671,0.347537385136,0.486371524193
6876026,0.067,0.615250166113,0.317749833887
7095390,0.034,0.182,0.784
6932265,0.448452887546,0.321439995813,0.230107116641
6870949,0.112385128621,0.33590280553,0.551712065849
6831335,0.0493240378598,0.210025793696,0.740650168444
6895698,0.124621028822,0.310816103392,0.564562867786
6889889,0.126819690762,0.342635738417,0.530544570821
6876679,0.0613578740445,0.252702712314,0.685939413642
6947097,0.4915,0.243,0.2655
6874970,0.0855528747461,0.152210443875,0.762236681379
6831069,0.357058680209,0.447114108114,0.195827211677
6833628,0.0813385285925,0.182731706333,0.735929765074
6819282,0.100435952932,0.321483464011,0.578080583057
6825025,0.0353720243453,0.276494471713,0.688133503942
6856513,0.0449005626793,0.237712810813,0.717386626507
6928711,0.013037037037,0.0350167579508,0.951946205012
6832548,0.136235109151,0.319377977848,0.544386913001
6881870,0.0710055054071,0.343548482265,0.585446012328
6866978,0.290074843412,0.402706060353,0.307219096235
7163400,0.324789148407,0.363503139318,0.311707712275
6917187,0.372122803788,0.295169389613,0.332707806599
6927475,0.0589861826416,0.305928295479,0.635085521879
6903243,0.0574893687592,0.203207954563,0.739302676678
6876188,0.0725303272986,0.340958399199,0.586511273503
6922219,0.0650401817749,0.297767959111,0.637191859114
7104085,0.0,0.002,0.998
6920897,0.120763304484,0.382684174461,0.496552521055
6812177,0.062970489992,0.369186710221,0.567842799787
6941047,0.0636064075009,0.496968982551,0.439424609948
6827609,0.0405242327101,0.306099588339,0.653376178951
6934328,0.0490308419046,0.190590602265,0.76037855583
6937556,0.433140069126,0.321634793027,0.245225137846
6879765,0.104655266673,0.534562607483,0.360782125844
6942927,0.028592922176,0.19511189803,0.776295179794
6945170,0.0848263603789,0.335836843551,0.57933679607
6901915,0.144694827583,0.301877245751,0.553427926666
6824475,0.0527391801812,0.290461220376,0.656799599443
6832968,0.0672391063182,0.229790885611,0.702970008071
7166718,0.0,0.014,0.986
6905079,0.0441754177342,0.310632495495,0.645192086771
6940297,0.175062673069,0.468735603019,0.356201723911
6911080,0.0911688531237,0.38815317874,0.520677968136
6917208,0.0975780637585,0.408180361062,0.49424157518
6858925,0.0716102446506,0.470053749372,0.458336005977
7169883,0.108786418473,0.421877819987,0.469335761541
6944112,0.286364314159,0.502602727409,0.211032958432
6885816,0.05962712348,0.162682699998,0.777690176522
6837733,0.0234234415052,0.12798014462,0.848596413875
6828658,0.123373167293,0.191670093226,0.684956739481
6839429,0.197329620105,0.384335312734,0.418335067161
7164794,0.0309171073891,0.219326068853,0.749756823758
6837661,0.165450615948,0.278449936356,0.556099447695
6883255,0.0608421465846,0.416368075512,0.522789777904
6833054,0.0838318682762,0.269615278401,0.646552853323
7675463,0.0859951844741,0.384149612138,0.529855203388
6871526,0.195906627154,0.283754976124,0.520338396722
6876295,0.120482893537,0.3928157418,0.486701364663
7204045,0.021394668318,0.162090283863,0.816515047819
6840357,0.140566022215,0.355085372638,0.504348605147
6917531,0.0142907810619,0.136096000159,0.849613218779
6886057,0.318578638542,0.328241914147,0.353179447311
6833734,0.0651888203224,0.316248442611,0.618562737067
6908098,0.0802719542228,0.272564118805,0.647163926972
6860562,0.0410448230286,0.301238369284,0.657716807688
6859167,0.176522402462,0.347091392881,0.476386204657
6812141,0.0477488474886,0.388446553244,0.563804599267
6919431,0.0186001077536,0.148188034609,0.833211857637
6869389,0.11379829366,0.252459015434,0.633742690906
6906034,0.0458806108907,0.14045960277,0.81365978634
7108495,0.00604399486734,0.00855306761781,0.985402937515
6864681,0.06038857951,0.295375601661,0.644235818829
6893982,0.0137267453122,0.137360774459,0.848912480229
6862160,0.0438971271623,0.304717143674,0.651385729164
6854804,0.0742380350183,0.348874527088,0.576887437894
7143164,0.0316984380693,0.239833714009,0.728467847922
6936651,0.0533409483665,0.266334708417,0.680324343216
6837450,0.0413918461694,0.157475874135,0.801132279695
6908259,0.707284849183,0.166590377829,0.126124772988
6916539,0.0579664609374,0.229961913505,0.712071625558
6947176,0.0957482648584,0.258220569174,0.646031165967
6933958,0.271773403777,0.399999343219,0.328227253004
6816549,0.214885469226,0.425334103405,0.35978042737
6876117,0.00592104520814,0.129607984546,0.864470970246
6848605,0.0754987872662,0.328427107241,0.596074105493
6840659,0.0839272301439,0.189371645181,0.726701124675
6823496,0.174475123887,0.383956883737,0.441567992376
6912609,0.01,0.0140508474576,0.975949152542
7097937,0.0425273592368,0.167217428147,0.790255212617
6924524,0.0426352990804,0.421143874565,0.536220826355
6938236,0.0418963217319,0.176761900349,0.781341777919
6865751,0.00311430349412,0.0235294250582,0.973356271448
6936323,0.00843717692695,0.0757675494662,0.915795273607
6868422,0.144607493167,0.474505889619,0.380886617214
7210133,0.058029843507,0.234363832913,0.70760632358
7215631,0.0415488351369,0.251829769644,0.706621395219
6940189,0.0487185838806,0.29459915315,0.65668226297
6888941,0.00277090001374,0.0805664588823,0.916662641104
6831598,0.0687322290819,0.329208992182,0.602058778736
6939963,0.00945034185978,0.163688821489,0.826860836651
6897175,0.326465155315,0.347850649501,0.325684195184
6816167,0.0736351178309,0.296216567077,0.630148315092
6812965,0.0392258977734,0.378956773304,0.581817328922
7149372,0.213737684062,0.562630698455,0.223631617483
6875959,0.00894060813101,0.0535189436903,0.937540448179
6925644,0.0755644062595,0.413339716979,0.511095876762
6874269,0.0416026096203,0.272935342711,0.685462047669
6814721,0.0633809087515,0.23671554998,0.699903541269
6922432,0.0781957157849,0.371305040477,0.550499243738
6858861,0.0238792177974,0.10641944056,0.869701341643
6835339,0.007,0.01455,0.97845
6896997,0.105695043374,0.347684527762,0.546620428864
6921134,0.025,0.216090909091,0.758909090909
6883685,0.228704896641,0.319523512463,0.451771590896
6911406,0.01,0.0160113636364,0.973988636364
6825733,0.439575,0.313679813665,0.246745186335
6884462,0.263395279018,0.500842847102,0.235761873881
6858682,0.0293847247826,0.0992170487454,0.871398226472
6894013,0.205584191313,0.371834220562,0.422581588125
6856391,0.272785735763,0.318761609406,0.40845265483
6828064,0.0286649802058,0.138997783962,0.832337235832
6817336,0.00309195227701,0.0568508227819,0.940057224941
6819178,0.13118394154,0.265193956594,0.603622101866
7147339,0.124355986751,0.388176367055,0.487467646193
6887757,0.218705818962,0.4390942364,0.342199944638
6946859,0.0980733783187,0.271615018132,0.630311603549
6855963,0.0447700899972,0.156385169933,0.79884474007
6839828,0.0827628468437,0.377343714344,0.539893438812
6870806,0.163946965497,0.444296813537,0.391756220966
6880221,0.0427687564603,0.249423833773,0.707807409767
6921809,0.0641873794224,0.278580469603,0.657232150974
6897069,0.0511615560022,0.231419193007,0.717419250991
6897157,0.169947937264,0.474420865874,0.355631196862
6898912,0.0304904853381,0.185465151371,0.784044363291
6856271,0.130106970243,0.246479093427,0.62341393633
6888381,0.00833830845771,0.0304606733283,0.961201018214
7099191,0.001,0.102835858586,0.896164141414
6917882,0.108012759749,0.327014264122,0.564972976129
6931260,0.0220802105458,0.14793970671,0.829980082744
6849996,0.0674257884379,0.452472944281,0.480101267281
6887973,0.0783677964052,0.316873914203,0.604758289392
6850205,0.175471063022,0.49577657229,0.328752364689
6845657,0.0847791376904,0.298132577258,0.617088285051
6930302,0.033955825482,0.210325382589,0.755718791929
6852391,0.0971327232087,0.222035981635,0.680831295157
6920411,0.205904108928,0.325707412998,0.468388478074
6907999,0.0115769585357,0.140346943012,0.848076098452
6864094,0.0465166308245,0.226559207952,0.726924161223
6813852,0.133947635692,0.350060689822,0.515991674486
7232295,0.26611985485,0.387447976777,0.346432168373
6896558,0.0898449946674,0.334458890649,0.575696114683
6858919,0.0831520562903,0.412876033875,0.503971909835
6847828,0.0601556398315,0.210049579242,0.729794780926
6925116,0.0976722801222,0.312888189855,0.589439530023
6854687,0.0708513739044,0.250868657352,0.678279968744
6946415,0.0966578117386,0.479391759903,0.423950428359
6827859,0.0360243902439,0.17607071059,0.787904899166
6884313,0.255300359668,0.445442930326,0.299256710006
6848651,0.0555521483147,0.411922918354,0.532524933331
7136298,0.0345591651953,0.27892936789,0.686511466915
6874534,0.0458475618254,0.17283662943,0.781315808745
6908942,0.366813623039,0.36614060896,0.267045768001
6894718,0.0624046404336,0.203862412551,0.733732947015
6876449,0.134058032984,0.297534323849,0.568407643167
6825630,0.127818051074,0.389411058578,0.482770890348
7155655,0.0581663103456,0.271517725148,0.670315964506
7201310,0.0381675790638,0.19041628117,0.771416139766
6864334,0.0256923380079,0.273809552531,0.700498109461
6876658,0.0270876529926,0.279417860898,0.693494486109
6842370,0.116771379673,0.25129343113,0.631935189197
6835467,0.322860203753,0.251421483817,0.42571831243
7227368,0.105652554112,0.241651588194,0.652695857695
6859482,0.0755433203971,0.236089313315,0.688367366288
6878641,0.036126679339,0.29906414152,0.664809179141
6869916,0.0,0.0,1.0
6841060,0.00957963774324,0.176584267508,0.813836094749
6887832,0.0298776209247,0.217560411967,0.752561967109
6905898,0.05364169295,0.235430518034,0.710927789016
7104742,0.151765566859,0.391331830872,0.456902602269
6948090,0.023760587601,0.219295182798,0.756944229601
6839851,0.0823299689956,0.399288142066,0.518381888938
6934051,0.0417327444626,0.204950729827,0.753316525711
6888727,0.165031098869,0.401140605939,0.433828295192
7167478,0.0236582133675,0.0901278045275,0.886213982105
6892109,0.15597719888,0.442313687061,0.401709114059
6908544,0.582853096574,0.276745883937,0.140401019489
6921725,0.0774270217183,0.331778238013,0.590794740268
6932343,0.079555909301,0.485272122734,0.435171967965
6914309,0.023080458734,0.119072935366,0.8578466059
6919805,0.0927885214889,0.394253789402,0.51295768911
6947828,0.0764996339524,0.254529694922,0.668970671125
6920362,0.0862266081375,0.261578660328,0.652194731534
7110179,0.416141804491,0.355101520062,0.228756675447
6877834,0.178128376472,0.483460398032,0.338411225497
6876966,0.14655372299,0.314746622393,0.538699654617
6823918,0.0942021199164,0.30922689015,0.596570989934
6871243,0.0212895897614,0.226157817402,0.752552592837
6928189,0.164021048852,0.339876292244,0.496102658904
6852455,0.05143633195,0.201758149607,0.746805518443
7208631,0.0658263640564,0.290692563846,0.643481072097
6831811,0.191128878425,0.527427507267,0.281443614308
6904276,0.0407451928014,0.139306925322,0.819947881876
6831589,0.117462057991,0.355172210716,0.527365731293
6901814,0.0811391726556,0.382350317652,0.536510509692
6854667,0.461355797101,0.199136231884,0.339507971014
7192650,0.0519351503759,0.278152042929,0.669912806695
6836299,0.0333580534862,0.249442544958,0.717199401556
6887919,0.0239692194161,0.263190625371,0.712840155213
6927679,0.0789181785747,0.4170860096,0.503995811825
6855908,0.145905237227,0.311599239313,0.54249552346
6854766,0.0189658562646,0.103833246129,0.877200897606
6847472,0.0539531019559,0.183294489643,0.762752408401
6862519,0.0695259299097,0.270431963714,0.660042106377
6938819,0.289031332597,0.268730451212,0.442238216191
6945434,0.108120424045,0.311603309331,0.580276266624
6832722,0.63103982684,0.192462337662,0.176497835498
6852707,0.0611974786436,0.400553042437,0.538249478919
7177680,0.0393907906791,0.353499966642,0.607109242679
6834945,0.00726735283719,0.0185090722643,0.974223574898
6890316,0.0764888028133,0.353474273531,0.570036923655
6816620,0.0280777131379,0.132929691667,0.838992595195
6945175,0.0175981467145,0.131001343082,0.851400510203
6914016,0.0399653741324,0.256791368717,0.703243257151
6852619,0.079392045191,0.2733020864,0.647305868409
6813211,0.163700479484,0.460655790919,0.375643729597
6820546,0.0390149075101,0.204559687913,0.756425404577
6836128,0.0154944737916,0.0522671565268,0.932238369682
6850557,0.149151302815,0.639493329959,0.211355367226
6864997,0.0805950445731,0.161653209917,0.75775174551
6883705,0.0136618724546,0.0805380277679,0.905800099777
6898767,0.0286625645546,0.329304696652,0.642032738793
6866020,0.10731970895,0.369056140135,0.523624150915
7126382,0.464144784654,0.364159199309,0.171696016037
6847427,0.177608173316,0.429602255852,0.392789570832
6841013,0.0648065655761,0.254583445106,0.680609989318
6909469,0.00933830845771,0.0302106733283,0.960451018214
6922473,0.0102341334758,0.074350988294,0.91541487823
6925906,0.121723037122,0.318316190294,0.559960772585
6946014,0.136015800163,0.365750334812,0.498233865025
6820739,0.0383712491205,0.23395855172,0.727670199159
6927559,0.196295523067,0.370289435842,0.433415041091
7174772,0.028540674269,0.167976184163,0.803483141568
6931036,0.0138643727862,0.379843967237,0.606291659977
6918163,0.0213166326759,0.261414526716,0.717268840608
6893604,0.121034564205,0.302086968298,0.576878467497
6868844,0.0710862992891,0.310778960217,0.618134740493
6814537,0.37785628077,0.295041818372,0.327101900858
6916118,0.00690541861441,0.0257622322341,0.967332349151
6838509,0.0712467758502,0.445384473964,0.483368750186
6919725,0.287324139645,0.338161069742,0.374514790613
6932476,0.0,0.0106666666667,0.989333333333
6860496,0.0673469671506,0.277597811306,0.655055221544
7156799,0.0845393919805,0.504921722434,0.410538885585
6837521,0.0709053425023,0.487093261269,0.442001396229
6913204,0.0647472018574,0.307576638506,0.627676159637
6947516,0.137634420169,0.3797703314,0.482595248431
6838117,0.0353645896032,0.138041602168,0.826593808229
6933366,0.0490653616295,0.319711692569,0.631222945802
7134198,0.0456818009564,0.351875934801,0.602442264242
6898450,0.117159891866,0.448543615333,0.4342964928
6819926,0.0772487425787,0.312584412388,0.610166845033
6947698,0.0526243306121,0.23364169728,0.713733972107
6838721,0.0887222222222,0.239644443966,0.671633333812
6936661,0.0997329568125,0.440145490688,0.4601215525
6912257,0.0517814384234,0.254804570657,0.69341399092
6905569,0.0118727266104,0.0375388030251,0.950588470364
6927167,0.20159678826,0.339971829589,0.458431382151
7150689,0.00564092929359,0.0852236404224,0.909135430284
6820358,0.0780639861119,0.297166274825,0.624769739063
6945045,0.0984101409832,0.42946662758,0.472123231437
6866884,0.0761566496164,0.283817728655,0.640025621729
6820658,0.112767064218,0.362416528241,0.524816407541
6826462,0.0573966866512,0.492367970545,0.450235342804
6932390,0.0758610227225,0.285037488445,0.639101488833
6905031,0.227324412647,0.411410791858,0.361264795495
6923011,0.0535431798984,0.117726007605,0.828730812496
6908504,0.16406823702,0.427053467036,0.408878295944
6881050,0.211972493074,0.303505871513,0.484521635413
6892968,0.0223374312623,0.246354653684,0.731307915054
7346996,0.182142129552,0.433510001077,0.384347869371
6876206,0.0359576114797,0.245689236239,0.718353152281
6813475,0.112019642223,0.386281072793,0.501699284984
7190057,0.0336181782666,0.0975565744899,0.868825247243
6838465,0.228006186723,0.352363863646,0.41962994963
6899364,0.0524388218801,0.186525804056,0.761035374064
6891616,0.018,0.114230769231,0.867769230769
6836715,0.0354779125658,0.13397550256,0.830546584874
6829616,0.0293369403562,0.248359783108,0.722303276536
6829144,0.122883224957,0.410271915777,0.466844859266
6893064,0.0336767053621,0.246861465168,0.71946182947
6861300,0.00580233098548,0.0920099295048,0.90218773951
6926847,0.0716124587594,0.427710179397,0.500677361843
6894021,0.0520980891443,0.277750166624,0.670151744232
6897946,0.0344397003947,0.238157248272,0.727403051333
6835716,0.107224812452,0.386146779654,0.506628407894
6832160,0.300450993809,0.339310309825,0.360238696366
6835291,0.0680896771838,0.227289944463,0.704620378353
6945184,0.0327825784048,0.205539658556,0.761677763039
7140488,0.0441469641747,0.292263065363,0.663589970462
6937850,0.0778507056669,0.360102446057,0.562046848276
6899603,0.0555,0.124833333333,0.819666666667
6903105,0.121163881455,0.354768498031,0.524067620514
6828476,0.0333658017794,0.29643461444,0.67019958378
6835098,0.00402507079941,0.009099034192,0.986875895009
6830512,0.137606043857,0.448216851179,0.414177104964
6879997,0.0733353469379,0.421121935626,0.505542717437
7131517,0.080001152267,0.399130716203,0.52086813153
6835955,0.177858377071,0.367016394612,0.455125228317
6875250,0.10317645294,0.279481698589,0.617341848471
6932794,0.0573724852213,0.40910231642,0.533525198358
6948263,0.123895656445,0.390803941039,0.485300402516
6867201,0.214852116556,0.5113253067,0.273822576745
6882748,0.180166344403,0.266567789813,0.553265865785
6902842,0.238659198678,0.36989932997,0.391441471352
6847535,0.137703069787,0.328509796899,0.533787133315
6825267,0.0397316897567,0.279553856064,0.680714454179
6909277,0.0433054321163,0.103597280854,0.85309728703
7152429,0.316198144541,0.41467817134,0.269123684118
6931179,0.00152558640882,0.0585128086273,0.939961604964
6896746,0.197564210902,0.367291436089,0.435144353009
6937073,0.0131237684729,0.27375017442,0.713126057107
6934627,0.007,0.0335,0.9595
6887878,0.137202806854,0.334232075358,0.528565117788
6921531,0.0433814253075,0.252583838152,0.70403473654
6897461,0.021787719555,0.0621983136441,0.916013966801
6862066,0.115771128636,0.297645986541,0.586582884823
6851531,0.153563070806,0.307057613633,0.539379315561
6928550,0.0798334517463,0.190291377473,0.729875170781
6945851,0.0953475763349,0.326621906643,0.578030517022
6946955,0.0503333333333,0.194768686224,0.754897980442
6869136,0.21654776718,0.373291350727,0.410160882093
6908667,0.100854473349,0.250911472494,0.648234054157
6820525,0.127699913068,0.389988861199,0.482311225733
6887970,0.116488389207,0.4873713458,0.396140264994
6848365,0.0525640124828,0.401048378325,0.546387609192
6816173,0.0634377362328,0.210339404046,0.726222859721
6900732,0.0485,0.166,0.7855
6815786,0.0767209913882,0.379378394787,0.543900613824
6945972,0.182973226847,0.399641395289,0.417385377864
6848445,0.137282126499,0.369368383039,0.493349490461
6856486,0.163909783015,0.412747827877,0.423342389108
6867010,0.0605218353984,0.319235030512,0.620243134089
6828257,0.259075375635,0.22987830206,0.511046322304
6871807,0.0928226113513,0.355993227077,0.551184161571
7212966,0.012,0.0263733333333,0.961626666667
6889959,0.15822354532,0.372473897887,0.469302556792
6915510,0.015552166683,0.11108676386,0.873361069457
6905402,0.014966466316,0.125404573086,0.859628960598
6826100,0.110140253011,0.42501778084,0.464841966149
6848893,0.021899641953,0.241371163287,0.73672919476
7155647,0.202062263654,0.234770973862,0.563166762484
6812883,0.186300960809,0.57615224184,0.237546797351
6866095,0.0129128128979,0.127032468205,0.860054718897
6931127,0.0389643579385,0.209537322684,0.751498319378
6829407,0.0260826221844,0.157083757874,0.816833619941
6867548,0.360145509076,0.300091397704,0.33976309322
7132575,0.0972936080949,0.323510962036,0.579195429869
6890847,0.0550954810582,0.253043894035,0.691860624907
6916429,0.015,0.221017241379,0.763982758621
6884716,0.503372167856,0.309842119778,0.186785712367
6896897,0.275564141049,0.382603015,0.341832843951
6941572,0.115970025879,0.246825239186,0.637204734935
6945277,0.0895283141609,0.408839619649,0.50163206619
7133293,0.028575424871,0.142126473374,0.829298101755
7213385,0.0118203884482,0.0726239438403,0.915555667712
6831928,0.0810975261011,0.348393367849,0.57050910605
6932687,0.0746790548121,0.306074826113,0.619246119075
6873877,0.058658167183,0.35133053914,0.590011293677
7135459,0.129166283253,0.317918727609,0.552914989138
6876620,0.00200425531915,0.0579859186895,0.940009825991
6936163,0.0112728647864,0.19364489103,0.795082244184
6912398,0.198318532963,0.35742135253,0.444260114507
6917655,0.0354037289047,0.296584843684,0.668011427411
6941149,0.0387642422032,0.222644706071,0.738591051726
6941378,0.0949935324924,0.468268003093,0.436738464414
6882453,0.0270575061126,0.305642666587,0.6672998273
7119160,0.07552884783,0.290970453267,0.633500698903
6868451,0.0813909677158,0.439096969352,0.479512062932
6945881,0.0850559801884,0.464539785361,0.45040423445
6822541,0.0923778857992,0.235074212449,0.672547901752
6884355,0.0843887989645,0.48474805266,0.430863148375
7132247,0.0521352382749,0.270797683237,0.677067078488
6872049,0.122760164266,0.379252623773,0.497987211961
6890740,0.021,0.0573333333333,0.921666666667
6840897,0.221425691164,0.368920215771,0.409654093065
6847694,0.0881014148826,0.396280513727,0.51561807139
6938196,0.0159034895909,0.226888397704,0.757208112705
6939526,0.0619139214347,0.265084320001,0.673001758564
6917529,0.00424149422943,0.0160852533021,0.979673252468
6885636,0.00971871482141,0.102513271197,0.887768013981
7202614,0.00540910092899,0.0272826537796,0.967308245291
6926453,0.145301291382,0.400457633196,0.454241075422
6844636,0.0957944092262,0.241067251775,0.663138338998
6879293,0.409324271143,0.332037518149,0.258638210708
6924780,0.0865597120537,0.39888244891,0.514557839037
6881024,0.0633758477633,0.110946329365,0.825677822872
6851374,0.177579231017,0.363093518936,0.459327250048
6850953,0.0405405066051,0.238256394382,0.721203099013
6892292,0.00593495141217,0.195290812402,0.798774236186
6886159,0.0148758799065,0.151574463605,0.833549656489
6849877,0.120161696931,0.393111173871,0.486727129198
6940840,0.0289436560043,0.173101952892,0.797954391104
6926838,0.0298521718327,0.252033101247,0.71811472692
6879243,0.160151937907,0.359666025167,0.480182036926
6944286,0.103348732571,0.261900187864,0.634751079565
6915587,0.303376767395,0.472891868616,0.223731363989
6881904,0.0950129631493,0.252606280626,0.652380756224
7154358,0.261349057817,0.246704878664,0.491946063519
6899258,0.0431445541409,0.390951278746,0.565904167113
6855460,0.256614757014,0.455480388197,0.28790485479
6864884,0.0574790624349,0.276110759943,0.666410177622
6868209,0.11855815702,0.33767965052,0.54376219246
6853834,0.0627135166091,0.294760835141,0.64252564825
7210020,0.0899546756796,0.442617694084,0.467427630236
6933228,0.0466076834888,0.208657046368,0.744735270143
6929227,0.100391166125,0.36893548237,0.530673351505
7192346,0.153873682631,0.358992110891,0.487134206478
6928834,0.0168666745782,0.197784350923,0.785348974499
6812269,0.053606433191,0.338401059728,0.607992507081
6851446,0.0875533624835,0.251996314153,0.660450323364
6930820,0.00328143630774,0.0794769562389,0.917241607453
6875310,0.211031009996,0.191177321927,0.597791668078
6932397,0.106941906784,0.377741337929,0.515316755286
6904291,0.0339182293332,0.249011942229,0.717069828438
6921642,0.08119862331,0.465019311168,0.453782065522
7136057,0.158610636419,0.24785815001,0.59353121357
6920815,0.0159294299251,0.146099521771,0.837971048304
6861757,0.192208915008,0.395345708125,0.412445376867
6934222,0.519109190084,0.269954918683,0.210935891233
6946448,0.0621877275762,0.251261690563,0.68655058186
6890569,0.109480517239,0.448617587745,0.441901895016
6884477,0.06319687408,0.312617156047,0.624185969873
7145006,0.0346971136785,0.203390483083,0.761912403239
6893718,0.003,0.0715176258013,0.925482374199
6893330,0.0393181858973,0.186665942599,0.774015871504
6901780,0.00534792139169,0.0621268730578,0.93252520555
6815738,0.111533225225,0.304483546226,0.58398322855
6917209,0.0640480636479,0.272379144496,0.663572791857
6904227,0.03248264909,0.11538299199,0.85213435892
6894402,0.00276120244229,0.052145756318,0.94509304124
7146083,0.0629325214492,0.298536956725,0.638530521825
6902153,0.0617848096774,0.400908933168,0.537306257154
6925988,0.0807760765441,0.239344589014,0.679879334442
6881323,0.034,0.169,0.797
6937405,0.288052631579,0.238421052632,0.473526315789
7098390,0.160403402007,0.450070029843,0.389526568149
6935942,0.163987461017,0.411053910686,0.424958628297
6833510,0.0615240672319,0.406370940059,0.532104992709
6812857,0.123095418291,0.393429334687,0.483475247021
6828441,0.160712939987,0.316442803162,0.522844256851
6915711,0.238192539045,0.460616714798,0.301190746157
6880643,0.22880275031,0.431469369612,0.339727880079
7224930,0.0633412669038,0.446476253305,0.490182479791
6852614,0.00518137254902,0.0940100612313,0.90080856622
6853816,0.071584445673,0.241775270228,0.686640284099
6811964,0.0950450019019,0.336881844093,0.568073154005
6847800,0.0456120059835,0.312663644719,0.641724349297
6859897,0.113833184717,0.34929243744,0.536874377844
6882929,0.0168879334764,0.168372248753,0.814739817771
7157584,0.0419662624806,0.211128535189,0.74690520233
6863444,0.0227618664589,0.0528445481601,0.924393585381
6836902,0.0246514732332,0.264498852271,0.710849674496
6918960,0.0874870981794,0.443595701312,0.468917200509
6882854,0.0714866950652,0.302838343283,0.625674961652
6822755,0.01,0.118315816327,0.871684183673
6815184,0.217058392744,0.274708514336,0.50823309292
6846582,0.0480679657136,0.145159649376,0.80677238491
6940309,0.0519110702226,0.150459005356,0.797629924421
6924056,0.0120075351877,0.126962867015,0.861029597797
6824481,0.0141862861922,0.165962176734,0.819851537074
6839735,0.00445594304717,0.0490627081451,0.946481348808
6900130,0.0412590524656,0.263033385619,0.695707561916
6946739,0.0075455184883,0.0422295242092,0.950224957302
7144008,0.0335121025421,0.213105069014,0.753382828444
6863751,0.0133196119658,0.23459819745,0.752082190584
6820293,0.0525299515276,0.415618066162,0.53185198231
6818472,0.0136306707261,0.175370899235,0.810998430039
6832420,0.0615148803023,0.217404978787,0.721080140911
6879450,0.002,0.0284334575663,0.969566542434
6943618,0.0397034373304,0.273374596266,0.686921966403
6883463,0.0398443340875,0.22325490563,0.736900760283
6834919,0.269768371115,0.375969452322,0.354262176562
7505696,0.0255556718387,0.134544004744,0.839900323417
6903645,0.0536541936298,0.34017601825,0.60616978812
6831148,0.314255208426,0.270218747684,0.41552604389
6828948,0.105475951155,0.4061152923,0.488408756546
6878495,0.0405536250191,0.324850204053,0.634596170928
6924862,0.00436242540946,0.0584781860518,0.937159388539
6887802,0.0506863689722,0.384662712472,0.564650918556
6903228,0.610368645971,0.215756463811,0.173874890218
6947415,0.0,0.01,0.99
6941508,0.334360837558,0.302674835952,0.36296432649
6856111,0.0431142779146,0.291092392785,0.6657933293
7126808,0.0456369641944,0.190646905386,0.76371613042
6939857,0.0363340363571,0.233041621669,0.730624341974
6822528,0.316337076323,0.280332972334,0.403329951343
6947631,0.123256229393,0.33341158903,0.543332181577
6887810,0.0277014811955,0.210571804058,0.761726714746
6849210,0.0875955864316,0.405062019847,0.507342393721
6901742,0.00114657329714,0.0521747911025,0.9466786356
6850925,0.336196238335,0.434052900732,0.229750860932
7181995,0.116192375079,0.329440552227,0.554367072694
6841559,0.00306264262054,0.0120129471501,0.984924410229
6822957,0.113675995232,0.127664175141,0.758659829627
6943349,0.0370116269957,0.340598850011,0.622389522994
6923825,0.151486607368,0.266878536241,0.581634856391
