listing_id,high,medium,low
7142618,0.0815,0.3435,0.575
7210040,0.273,0.344,0.383
7103890,0.0335,0.18325,0.78325
7143442,0.14,0.4185,0.4415
6860601,0.0255,0.4055,0.569
6840081,0.001,0.0855,0.9135
6922337,0.082,0.353,0.565
6913616,0.2525,0.40275,0.34475
6937820,0.0825,0.2185,0.699
6893933,0.052,0.4025,0.5455
6832604,0.005,0.0353833333333,0.959616666667
6915282,0.186833333333,0.507666666667,0.3055
7127565,0.0545,0.32275,0.62275
6827899,0.0555,0.1555,0.789
6934855,0.004,0.06,0.936
6861826,0.0395,0.270625,0.689875
6871643,0.103642857143,0.27725,0.619107142857
6842542,0.02,0.114208333333,0.865791666667
6934145,0.0365,0.12985,0.83365
6829365,0.175066666667,0.407516666667,0.417416666667
7167858,0.0655,0.3585,0.576
6859483,0.05775,0.42025,0.522
6861377,0.0665,0.2455,0.688
6848960,0.12275,0.264,0.61325
6918850,0.029,0.215,0.756
6916867,0.1835,0.361,0.4555
6895840,0.01275,0.1415,0.84575
6813539,0.3985,0.400166666667,0.201333333333
7116900,0.1005,0.3725,0.527
6890328,0.335,0.302939285714,0.362060714286
6879406,0.0685,0.2995,0.632
6824924,0.14575,0.34025,0.514
6911302,0.089,0.180775,0.730225
6918742,0.076,0.718,0.206
6910586,0.0115,0.099,0.8895
6821750,0.0385,0.235916666667,0.725583333333
6860647,0.073,0.3915,0.5355
6932873,0.1145,0.3645,0.521
6846053,0.036,0.1845,0.7795
6940365,0.0815,0.358,0.5605
6931867,0.0355,0.218,0.7465
6876383,0.1385,0.262,0.5995
6910980,0.2415,0.438,0.3205
6880877,0.2025,0.2895,0.508
6839552,0.1195,0.53175,0.34875
6838051,0.2865,0.4065,0.307
6928201,0.3555,0.2655,0.379
6945608,0.2475,0.5115,0.241
6816147,0.0925,0.190125,0.717375
6868129,0.090625,0.420475,0.4889
6849448,0.043,0.296,0.661
7113677,0.3135,0.37325,0.31325
6930856,0.1325,0.44125,0.42625
6889594,0.145,0.462,0.393
6842682,0.0255,0.140791666667,0.833708333333
6880366,0.14875,0.41025,0.441
6835063,0.0265,0.22125,0.75225
6820479,0.305,0.319,0.376
6882057,0.02,0.225,0.755
6834440,0.1145,0.3465,0.539
6880846,0.031,0.207833333333,0.761166666667
6847248,0.031,0.1665,0.8025
6868368,0.0095,0.103,0.8875
6943505,0.0315,0.1785,0.79
7174304,0.0505,0.389,0.5605
6880747,0.07,0.252,0.678
6933565,0.069,0.3215,0.6095
6888511,0.0115,0.03425,0.95425
6942704,0.075,0.363,0.562
6840304,0.114,0.412416666667,0.473583333333
6856860,0.035,0.2795,0.6855
6884921,0.025,0.2285,0.7465
6937417,0.0135,0.1705,0.816
6831129,0.009,0.0315833333333,0.959416666667
6936660,0.201,0.346,0.453
6940667,0.027,0.143,0.83
7201307,0.0015,0.044,0.9545
6825434,0.0175,0.2705,0.712
6848114,0.121,0.226747619048,0.652252380952
6947758,0.335,0.35425,0.31075
6897002,0.0875,0.3735,0.539
6926661,0.0035,0.1095,0.887
6867411,0.1045,0.293,0.6025
6910154,0.054,0.305875,0.640125
7157900,0.0545,0.271,0.6745
6922324,0.065,0.3505,0.5845
6863068,0.034,0.3695,0.5965
6912109,0.052,0.266,0.682
6918609,0.0415,0.2635,0.695
6889300,0.179,0.325833333333,0.495166666667
6837794,0.1495,0.352,0.4985
6943098,0.1635,0.276625,0.559875
6927601,0.1485,0.3375,0.514
6897826,0.061,0.365,0.574
6882892,0.006,0.032,0.962
6873384,0.3275,0.367,0.3055
6934693,0.0855,0.2815,0.633
7224450,0.0805,0.343,0.5765
6898157,0.076,0.21,0.714
6837355,0.019,0.217,0.764
6830595,0.152375,0.547166666667,0.300458333333
6943561,0.206125,0.436375,0.3575
6844380,0.2095,0.398,0.3925
6814286,0.071,0.2,0.729
6898520,0.164958333333,0.406541666667,0.4285
6940979,0.329833333333,0.306166666667,0.364
6851090,0.218166666667,0.397083333333,0.38475
7107169,0.061,0.399833333333,0.539166666667
6830287,0.1091875,0.228,0.6628125
6933575,0.088925,0.491741666667,0.419333333333
6938972,0.038,0.1715,0.7905
6888315,0.0055,0.0395,0.955
6855106,0.0285,0.2135,0.758
6838237,0.246,0.500516666667,0.253483333333
6901024,0.09,0.361308333333,0.548691666667
6846627,0.0515,0.1905,0.758
7219857,0.0325,0.284,0.6835
6852685,0.0645,0.2745,0.661
6831610,0.1275,0.429,0.4435
6943538,0.0975,0.4505,0.452
6911637,0.034,0.216333333333,0.749666666667
6854543,0.03,0.1991,0.7709
6940451,0.094,0.3655,0.5405
6819530,0.353491666667,0.296883333333,0.349625
7093396,0.0475,0.290666666667,0.661833333333
6840326,0.0155,0.199,0.7855
6834204,0.0505,0.21275,0.73675
6902518,0.159875,0.273625,0.5665
6930253,0.0971916666667,0.33025,0.572558333333
6828293,0.0025,0.1035,0.894
7203744,0.443,0.184183333333,0.372816666667
6816478,0.16505,0.37025,0.4647
6868890,0.014,0.112333333333,0.873666666667
6879338,0.07225,0.39025,0.5375
6898532,0.12225,0.29875,0.579
6899965,0.088,0.192,0.72
7133875,0.0115,0.0685,0.92
6822218,0.1185,0.292183333333,0.589316666667
6814018,0.363583333333,0.306166666667,0.33025
6896376,0.137,0.419283333333,0.443716666667
6918670,0.1235,0.289,0.5875
6867839,0.005,0.045,0.95
6823554,0.013,0.1295,0.8575
6934798,0.138,0.2485,0.6135
6820823,0.155,0.4095,0.4355
6880212,0.0265,0.0985,0.875
6934814,0.0215,0.143,0.8355
7254134,0.09,0.2005,0.7095
6938303,0.212375,0.576,0.211625
6813807,0.159,0.42080952381,0.42019047619
6878604,0.024,0.092,0.884
6876763,0.0525,0.291666666667,0.655833333333
6844352,0.0155,0.1365,0.848
6915939,0.309,0.344,0.347
7109370,0.098,0.352,0.55
6855445,0.1295,0.1815,0.689
6818668,0.0585,0.2125,0.729
6836527,0.0185,0.1435,0.838
6831717,0.0515,0.3195,0.629
6937162,0.1175,0.406416666667,0.476083333333
6922876,0.00733333333333,0.0634166666667,0.92925
7109482,0.0625,0.3805,0.557
6940972,0.092,0.406208333333,0.501791666667
6883790,0.1215,0.426979166667,0.451520833333
6921643,0.1085,0.239,0.6525
6935700,0.041,0.2975,0.6615
6827025,0.0485,0.3035,0.648
6943096,0.0625,0.2355,0.702
7161468,0.0315,0.2205,0.748
6879610,0.0488333333333,0.260266666667,0.6909
6935762,0.06,0.25675,0.68325
6925042,0.018,0.0965,0.8855
7121050,0.0435,0.2095,0.747
6821601,0.142833333333,0.272666666667,0.5845
6926810,0.028,0.1305,0.8415
6946532,0.0505,0.2855,0.664
6875171,0.07525,0.331416666667,0.593333333333
7096285,0.15725,0.28375,0.559
6812321,0.076,0.3615,0.5625
6822697,0.0905,0.2145,0.695
6941294,0.0075,0.2125,0.78
6873564,0.0175,0.0195,0.963
6926791,0.0365,0.348,0.6155
7142444,0.578,0.323,0.099
6878128,0.2005,0.516333333333,0.283166666667
6927428,0.1325,0.291,0.5765
6812674,0.001,0.002,0.997
6881774,0.2245,0.3415,0.434
7167797,0.019,0.1665,0.8145
6865238,0.1915,0.535,0.2735
6841710,0.098,0.2955,0.6065
6856334,0.0135,0.08,0.9065
6906462,0.0185,0.25,0.7315
6837438,0.118341666667,0.315,0.566658333333
6908277,0.1105,0.514291666667,0.375208333333
6841291,0.0225,0.1565,0.821
6915178,0.23525,0.453,0.31175
6893031,0.1825,0.4325,0.385
6894985,0.196,0.3935,0.4105
6931134,0.178,0.2835,0.5385
6872264,0.329,0.3765,0.2945
6816953,0.127833333333,0.2685,0.603666666667
7163518,0.3175,0.386,0.2965
6893253,0.0555,0.3045,0.64
6943822,0.134,0.358,0.508
6946313,0.0675,0.371,0.5615
6839443,0.0495,0.113,0.8375
6911338,0.09,0.285,0.625
7223877,0.4605,0.2185,0.321
6917884,0.028,0.445791666667,0.526208333333
6823126,0.046,0.3085,0.6455
6939488,0.1715,0.3525,0.476
7196924,0.142166666667,0.330333333333,0.5275
6905685,0.0675,0.3045,0.628
6894092,0.0285,0.286,0.6855
6812181,0.044,0.278,0.678
6854610,0.0415,0.3235,0.635
6873754,0.1235,0.2675,0.609
6859181,0.8355,0.0935333333333,0.0709666666667
6825402,0.02625,0.2185,0.75525
6819526,0.041,0.254,0.705
6896065,0.006,0.1125,0.8815
6931793,0.0825,0.31125,0.60625
6907360,0.079625,0.2095,0.710875
6813182,0.0631666666667,0.28,0.656833333333
6823959,0.07125,0.17625,0.7525
6942189,0.1845,0.486,0.3295
6844384,0.0335,0.31675,0.64975
6836888,0.387175,0.314658333333,0.298166666667
6917844,0.0505,0.29375,0.65575
6937842,0.1195,0.402,0.4785
6926917,0.0995,0.262,0.6385
7160740,0.0455,0.466541666667,0.487958333333
6936310,0.051,0.407125,0.541875
6849109,0.219,0.401375,0.379625
6831018,0.001,0.012,0.987
6909842,0.029,0.135,0.836
6861360,0.027,0.256,0.717
6883414,0.1775,0.351708333333,0.470791666667
6876026,0.0775,0.610841666667,0.311658333333
7095390,0.0235,0.1805,0.796
6932265,0.447,0.339,0.214
6870949,0.1105,0.3565,0.533
6831335,0.0395,0.2055,0.755
6895698,0.138,0.325166666667,0.536833333333
6889889,0.147,0.344,0.509
6876679,0.0685833333333,0.2304375,0.700979166667
6947097,0.491,0.249,0.26
6874970,0.0905,0.15,0.7595
6831069,0.32375,0.481583333333,0.194666666667
6833628,0.087,0.1725,0.7405
6819282,0.113,0.3305,0.5565
6825025,0.041,0.2755,0.6835
6856513,0.0433333333333,0.223666666667,0.733
6928711,0.0125,0.0455,0.942
6832548,0.1665,0.31845,0.51505
6881870,0.058,0.329,0.613
6866978,0.34675,0.37475,0.2785
7163400,0.3175,0.386,0.2965
6917187,0.413,0.2815,0.3055
6927475,0.062,0.309,0.629
6903243,0.057,0.216,0.727
6876188,0.063,0.364,0.573
6922219,0.0605,0.2955,0.644
7104085,0.0005,0.0015,0.998
6920897,0.107,0.3955,0.4975
6812177,0.048,0.356,0.596
6941047,0.061,0.499,0.44
6827609,0.0465,0.301,0.6525
6934328,0.0535,0.200708333333,0.745791666667
6937556,0.3945,0.36575,0.23975
6879765,0.0736666666667,0.610833333333,0.3155
6942927,0.0315,0.2105,0.758
6945170,0.094,0.342666666667,0.563333333333
6901915,0.164,0.286,0.55
6824475,0.06875,0.27875,0.6525
6832968,0.07175,0.242625,0.685625
7166718,0.001,0.014,0.985
6905079,0.0445,0.3265,0.629
6940297,0.150833333333,0.483666666667,0.3655
6911080,0.07975,0.41825,0.502
6917208,0.0835,0.441,0.4755
6858925,0.0505,0.5785,0.371
7169883,0.134,0.43975,0.42625
6944112,0.28825,0.48625,0.2255
6885816,0.06,0.1605,0.7795
6837733,0.0205,0.1205,0.859
6828658,0.1315,0.1875,0.681
6839429,0.1765,0.394916666667,0.428583333333
7164794,0.04,0.2115,0.7485
6837661,0.1565,0.2715,0.572
6883255,0.0505,0.417,0.5325
6833054,0.0935,0.2765,0.63
7675463,0.1145,0.34,0.5455
6871526,0.185,0.286116666667,0.528883333333
6876295,0.128,0.3815,0.4905
7204045,0.029,0.1665,0.8045
6840357,0.14405,0.343116666667,0.512833333333
6917531,0.0135,0.1345,0.852
6886057,0.32325,0.32075,0.356
6833734,0.072875,0.316458333333,0.610666666667
6908098,0.082,0.233,0.685
6860562,0.04,0.308,0.652
6859167,0.1825,0.377725,0.439775
6812141,0.0555,0.371916666667,0.572583333333
6919431,0.0075,0.1645,0.828
6869389,0.1225,0.231,0.6465
6906034,0.0430416666667,0.127458333333,0.8295
7108495,0.0035,0.011,0.9855
6864681,0.066,0.3075,0.6265
6893982,0.009,0.136666666667,0.854333333333
6862160,0.0385,0.3175,0.644
6854804,0.079,0.3845,0.5365
7143164,0.03,0.2525,0.7175
6936651,0.0435,0.3105,0.646
6837450,0.0445,0.1705,0.785
6908259,0.703083333333,0.171,0.125916666667
6916539,0.0685,0.24575,0.68575
6947176,0.0945,0.2725,0.633
6933958,0.24025,0.4115,0.34825
6816549,0.2485,0.4335,0.318
6876117,0.006,0.126,0.868
6848605,0.0785,0.322,0.5995
6840659,0.102,0.18,0.718
6823496,0.168,0.347,0.485
6912609,0.005,0.013,0.982
7097937,0.0465,0.184,0.7695
6924524,0.0405,0.50975,0.44975
6938236,0.042,0.154875,0.803125
6865751,0.002,0.0185,0.9795
6936323,0.005,0.0798333333333,0.915166666667
6868422,0.1325,0.4805,0.387
7210133,0.0435,0.236,0.7205
7215631,0.038,0.235166666667,0.726833333333
6940189,0.044,0.2848,0.6712
6888941,0.0035,0.0985,0.898
6831598,0.0665,0.3515,0.582
6939963,0.012,0.1705,0.8175
6897175,0.367541666667,0.3525,0.279958333333
6816167,0.0875,0.284,0.6285
6812965,0.041,0.39,0.569
7149372,0.206,0.58625,0.20775
6875959,0.0075,0.064,0.9285
6925644,0.061,0.4325,0.5065
6874269,0.0465,0.299,0.6545
6814721,0.074,0.2005,0.7255
6922432,0.081,0.427,0.492
6858861,0.012,0.0705,0.9175
6835339,0.005,0.00925,0.98575
6896997,0.144,0.339,0.517
6921134,0.022,0.204666666667,0.773333333333
6883685,0.2585,0.3035,0.438
6911406,0.0035,0.01375,0.98275
6825733,0.424416666667,0.313583333333,0.262
6884462,0.281,0.4665,0.2525
6858682,0.0225,0.0975,0.88
6894013,0.193,0.3725,0.4345
6856391,0.3,0.293,0.407
6828064,0.023,0.162,0.815
6817336,0.002,0.0575,0.9405
6819178,0.1555,0.2625,0.582
7147339,0.1255,0.381,0.4935
6887757,0.2205,0.4675,0.312
6946859,0.0915,0.280714285714,0.627785714286
6855963,0.0465,0.181,0.7725
6839828,0.0965,0.34,0.5635
6870806,0.1555,0.468,0.3765
6880221,0.041,0.2355,0.7235
6921809,0.066,0.2643,0.6697
6897069,0.0395,0.242583333333,0.717916666667
6897157,0.2,0.4305,0.3695
6898912,0.0355,0.1875,0.777
6856271,0.131625,0.252158333333,0.616216666667
6888381,0.0045,0.025,0.9705
7099191,0.0035,0.1095,0.887
6917882,0.117,0.340875,0.542125
6931260,0.024,0.1615,0.8145
6849996,0.0685,0.4645,0.467
6887973,0.086,0.301333333333,0.612666666667
6850205,0.1775,0.5175,0.305
6845657,0.079,0.309508333333,0.611491666667
6930302,0.0365,0.2405,0.723
6852391,0.087,0.21625,0.69675
6920411,0.18775,0.346375,0.465875
6907999,0.009,0.152,0.839
6864094,0.045,0.232,0.723
6813852,0.156,0.3445,0.4995
7232295,0.267,0.358,0.375
6896558,0.107666666667,0.340333333333,0.552
6858919,0.072,0.465,0.463
6847828,0.0555,0.194375,0.750125
6925116,0.12,0.336,0.544
6854687,0.0965,0.222,0.6815
6946415,0.0885,0.4905,0.421
6827859,0.031,0.184,0.785
6884313,0.23975,0.45825,0.302
6848651,0.04,0.4805,0.4795
7136298,0.02175,0.32405,0.6542
6874534,0.0472,0.18725,0.76555
6908942,0.351,0.403,0.246
6894718,0.0525,0.202,0.7455
6876449,0.128833333333,0.273166666667,0.598
6825630,0.1365,0.401166666667,0.462333333333
7155655,0.054,0.2475,0.6985
7201310,0.0365,0.158,0.8055
6864334,0.029,0.2615,0.7095
6876658,0.016,0.2845,0.6995
6842370,0.0965833333333,0.247416666667,0.656
6835467,0.32425,0.258083333333,0.417666666667
7227368,0.1045,0.2455,0.65
6859482,0.085,0.214583333333,0.700416666667
6878641,0.0295,0.318733333333,0.651766666667
6869916,0.0,0.0,1.0
6841060,0.0095,0.178,0.8125
6887832,0.026,0.2195,0.7545
6905898,0.0615,0.234333333333,0.704166666667
7104742,0.2005,0.366,0.4335
6948090,0.0285,0.2145,0.757
6839851,0.0765,0.383833333333,0.539666666667
6934051,0.041,0.232,0.727
6888727,0.179,0.4005,0.4205
7167478,0.0115,0.06,0.9285
6892109,0.1455,0.4863,0.3682
6908544,0.587,0.2755,0.1375
6921725,0.0645,0.35,0.5855
6932343,0.072,0.569,0.359
6914309,0.02,0.0997023809524,0.880297619048
6919805,0.0925,0.4265,0.481
6947828,0.0575,0.299,0.6435
6920362,0.103,0.2425,0.6545
7110179,0.421333333333,0.364083333333,0.214583333333
6877834,0.184283333333,0.504716666667,0.311
6876966,0.171,0.29275,0.53625
6823918,0.094,0.3578,0.5482
6871243,0.0265,0.236,0.7375
6928189,0.171,0.3515,0.4775
6852455,0.0565,0.2055,0.738
7208631,0.0565,0.312,0.6315
6831811,0.1982,0.5555,0.2463
6904276,0.045,0.124,0.831
6831589,0.114,0.368,0.518
6901814,0.079,0.414,0.507
6854667,0.437333333333,0.213458333333,0.349208333333
7192650,0.066,0.2825,0.6515
6836299,0.0435,0.265875,0.690625
6887919,0.0175,0.280191666667,0.702308333333
6927679,0.1085,0.413,0.4785
6855908,0.164,0.314,0.522
6854766,0.0175,0.0795,0.903
6847472,0.0405,0.182,0.7775
6862519,0.0535,0.2815,0.665
6938819,0.285583333333,0.271,0.443416666667
6945434,0.11175,0.286833333333,0.601416666667
6832722,0.66075,0.19675,0.1425
6852707,0.053,0.394,0.553
7177680,0.0345,0.3385,0.627
6834945,0.004,0.010125,0.985875
6890316,0.0805,0.352,0.5675
6816620,0.0185,0.1565,0.825
6945175,0.016,0.1325,0.8515
6914016,0.036,0.272,0.692
6852619,0.0817833333333,0.261716666667,0.6565
6813211,0.182,0.44375,0.37425
6820546,0.0315,0.1815,0.787
6836128,0.0175,0.049,0.9335
6850557,0.123875,0.643625,0.2325
6864997,0.07,0.1635,0.7665
6883705,0.0175,0.06075,0.92175
6898767,0.0305,0.326,0.6435
6866020,0.0985,0.397,0.5045
7126382,0.481333333333,0.3635,0.155166666667
6847427,0.199658333333,0.430875,0.369466666667
6841013,0.0855,0.2485,0.666
6909469,0.0045,0.027,0.9685
6922473,0.0055,0.0735,0.921
6925906,0.111375,0.333083333333,0.555541666667
6946014,0.165,0.364,0.471
6820739,0.041,0.227,0.732
6927559,0.293,0.329,0.378
7174772,0.0155,0.152,0.8325
6931036,0.0175,0.366,0.6165
6918163,0.0185,0.283,0.6985
6893604,0.104625,0.304541666667,0.590833333333
6868844,0.08,0.25725,0.66275
6814537,0.385883333333,0.328783333333,0.285333333333
6916118,0.01,0.026,0.964
6838509,0.0693333333333,0.440833333333,0.489833333333
6919725,0.319583333333,0.334916666667,0.3455
6932476,0.001,0.011,0.988
6860496,0.0625,0.3685,0.569
7156799,0.1215,0.564,0.3145
6837521,0.0695,0.5015,0.429
6913204,0.043,0.352041666667,0.604958333333
6947516,0.1235,0.3785,0.498
6838117,0.0305,0.144,0.8255
6933366,0.0475,0.3275,0.625
7134198,0.049,0.3475,0.6035
6898450,0.109,0.440125,0.450875
6819926,0.0745,0.316,0.6095
6947698,0.07,0.2275,0.7025
6838721,0.103,0.211666666667,0.685333333333
6936661,0.11175,0.43925,0.449
6912257,0.0845,0.2195,0.696
6905569,0.0105,0.0405,0.949
6927167,0.272,0.2825,0.4455
7150689,0.01,0.102,0.888
6820358,0.0735,0.299,0.6275
6945045,0.08355,0.432,0.48445
6866884,0.074,0.275416666667,0.650583333333
6820658,0.1435,0.3335,0.523
6826462,0.0535,0.5065,0.44
6932390,0.0705,0.2305,0.699
6905031,0.2445,0.4265,0.329
6923011,0.055,0.1405,0.8045
6908504,0.2045,0.404333333333,0.391166666667
6881050,0.2095,0.3375,0.453
6892968,0.02,0.2955,0.6845
7346996,0.182,0.437,0.381
6876206,0.0325,0.247,0.7205
6813475,0.0941666666667,0.404791666667,0.501041666667
7190057,0.0565,0.094,0.8495
6838465,0.2085,0.3475,0.444
6899364,0.046,0.18,0.774
6891616,0.0155,0.1215,0.863
6836715,0.028,0.1735,0.7985
6829616,0.024,0.27,0.706
6829144,0.1335,0.4155,0.451
6893064,0.0435,0.2265,0.73
6861300,0.004,0.0885,0.9075
6926847,0.0725,0.428,0.4995
6894021,0.0505,0.318,0.6315
6897946,0.0365,0.2775,0.686
6835716,0.091,0.425625,0.483375
6832160,0.322333333333,0.320166666667,0.3575
6835291,0.081,0.241,0.678
6945184,0.0265,0.2115,0.762
7140488,0.0445,0.295833333333,0.659666666667
6937850,0.0695,0.378125,0.552375
6899603,0.0529166666667,0.116833333333,0.83025
6903105,0.1255,0.337041666667,0.537458333333
6828476,0.0515,0.304,0.6445
6835098,0.002,0.0205,0.9775
6830512,0.132,0.455166666667,0.412833333333
6879997,0.0765,0.4455,0.478
7131517,0.072,0.368791666667,0.559208333333
6835955,0.1885,0.401,0.4105
6875250,0.1365,0.278,0.5855
6932794,0.068,0.383,0.549
6948263,0.118,0.3665,0.5155
6867201,0.2155,0.514,0.2705
6882748,0.16,0.2735,0.5665
6902842,0.243,0.358,0.399
6847535,0.13975,0.3305,0.52975
6825267,0.067,0.285833333333,0.647166666667
6909277,0.035,0.1025,0.8625
7152429,0.309158333333,0.414341666667,0.2765
6931179,0.001,0.056,0.943
6896746,0.218333333333,0.3789,0.402766666667
6937073,0.021,0.292,0.687
6934627,0.0055,0.025,0.9695
6887878,0.172,0.358625,0.469375
6921531,0.0275,0.2495,0.723
6897461,0.0225,0.066,0.9115
6862066,0.1325,0.301,0.5665
6851531,0.155333333333,0.299125,0.545541666667
6928550,0.094,0.192,0.714
6945851,0.089,0.3285,0.5825
6946955,0.0585,0.203083333333,0.738416666667
6869136,0.213,0.3655,0.4215
6908667,0.101666666667,0.261958333333,0.636375
6820525,0.1785,0.38415,0.43735
6887970,0.1105,0.5165,0.373
6848365,0.049,0.3965,0.5545
6816173,0.072,0.212,0.716
6900732,0.0516666666667,0.1595,0.788833333333
6815786,0.108,0.367,0.525
6945972,0.156,0.407,0.437
6848445,0.115,0.388,0.497
6856486,0.162,0.401,0.437
6867010,0.0575,0.3315,0.611
6828257,0.2485,0.23375,0.51775
6871807,0.088,0.327,0.585
7212966,0.008,0.0205,0.9715
6889959,0.145333333333,0.398,0.456666666667
6915510,0.0115,0.1035,0.885
6905402,0.0115,0.1295,0.859
6826100,0.125,0.452,0.423
6848893,0.027,0.268433333333,0.704566666667
7155647,0.2435,0.2275,0.529
6812883,0.175914285714,0.616085714286,0.208
6866095,0.008,0.1335,0.8585
6931127,0.0555,0.2235,0.721
6829407,0.022,0.179083333333,0.798916666667
6867548,0.35675,0.29925,0.344
7132575,0.0885,0.365,0.5465
6890847,0.04975,0.21475,0.7355
6916429,0.0175,0.2055,0.777
6884716,0.526,0.2775,0.1965
6896897,0.285583333333,0.395916666667,0.3185
6941572,0.1315,0.2415,0.627
6945277,0.094,0.4215,0.4845
7133293,0.0315,0.1215,0.847
7213385,0.0105,0.0825,0.907
6831928,0.097,0.368,0.535
6932687,0.0785,0.327,0.5945
6873877,0.0645,0.3645,0.571
7135459,0.140833333333,0.305,0.554166666667
6876620,0.0015,0.0635,0.935
6936163,0.0185,0.1868,0.7947
6912398,0.21,0.3135,0.4765
6917655,0.0375,0.3025,0.66
6941149,0.0353333333333,0.224166666667,0.7405
6941378,0.102,0.4655,0.4325
6882453,0.031,0.314,0.655
7119160,0.0965,0.310416666667,0.593083333333
6868451,0.0880833333333,0.446,0.465916666667
6945881,0.092,0.459,0.449
6822541,0.096,0.253,0.651
6884355,0.08425,0.54375,0.372
7132247,0.0585,0.2495,0.692
6872049,0.132,0.4015,0.4665
6890740,0.016,0.058,0.926
6840897,0.214333333333,0.380666666667,0.405
6847694,0.078,0.44375,0.47825
6938196,0.0115,0.2204,0.7681
6939526,0.059,0.287,0.654
6917529,0.002,0.026,0.972
6885636,0.01,0.1085,0.8815
7202614,0.0015,0.026,0.9725
6926453,0.166,0.4425,0.3915
6844636,0.11,0.26875,0.62125
6879293,0.4265,0.35325,0.22025
6924780,0.082,0.434929761905,0.483070238095
6881024,0.063,0.1165,0.8205
6851374,0.1615,0.364,0.4745
6850953,0.0435,0.216,0.7405
6892292,0.013,0.1985,0.7885
6886159,0.011,0.17275,0.81625
6849877,0.129416666667,0.392083333333,0.4785
6940840,0.0375,0.213,0.7495
6926838,0.026,0.3095,0.6645
6879243,0.19,0.366,0.444
6944286,0.0961666666667,0.298333333333,0.6055
6915587,0.3275,0.462333333333,0.210166666667
6881904,0.0966666666667,0.252333333333,0.651
7154358,0.208,0.2665,0.5255
6899258,0.0445,0.3965,0.559
6855460,0.2675,0.452,0.2805
6864884,0.0425,0.3105,0.647
6868209,0.1395,0.3655,0.495
6853834,0.0575,0.278375,0.664125
7210020,0.104,0.42225,0.47375
6933228,0.052,0.215,0.733
6929227,0.1045,0.346833333333,0.548666666667
7192346,0.171875,0.368125,0.46
6928834,0.0145,0.1755,0.81
6812269,0.057,0.334,0.609
6851446,0.0865,0.2335,0.68
6930820,0.003,0.0755,0.9215
6875310,0.208,0.2145,0.5775
6932397,0.1245,0.339375,0.536125
6904291,0.0335,0.2455,0.721
6921642,0.0655,0.506833333333,0.427666666667
7136057,0.168475,0.2135,0.618025
6920815,0.0195,0.12725,0.85325
6861757,0.1955,0.411,0.3935
6934222,0.5455,0.2395,0.215
6946448,0.049,0.2645,0.6865
6890569,0.1135,0.444916666667,0.441583333333
6884477,0.0755,0.326,0.5985
7145006,0.0285,0.228,0.7435
6893718,0.0,0.0725,0.9275
6893330,0.0298,0.1895,0.7807
6901780,0.0035,0.0555,0.941
6815738,0.12975,0.2785,0.59175
6917209,0.0535,0.309,0.6375
6904227,0.0345,0.1275,0.838
6894402,0.0035,0.0455,0.951
7146083,0.0715,0.282,0.6465
6902153,0.0515,0.3985,0.55
6925988,0.082,0.2505,0.6675
6881323,0.0405,0.1665,0.793
6937405,0.291166666667,0.224958333333,0.483875
7098390,0.1695,0.4265,0.404
6935942,0.154719047619,0.4705,0.374780952381
6833510,0.071,0.45125,0.47775
6812857,0.106,0.4305,0.4635
6828441,0.141583333333,0.326291666667,0.532125
6915711,0.2588,0.4372,0.304
6880643,0.231083333333,0.433416666667,0.3355
7224930,0.0575,0.5,0.4425
6852614,0.0045,0.084,0.9115
6853816,0.0865,0.224,0.6895
6811964,0.117,0.3685,0.5145
6847800,0.048,0.303,0.649
6859897,0.139,0.3465,0.5145
6882929,0.0155,0.1815,0.803
7157584,0.04,0.228,0.732
6863444,0.021,0.059,0.92
6836902,0.0335,0.259,0.7075
6918960,0.0867916666667,0.489083333333,0.424125
6882854,0.068,0.3075,0.6245
6822755,0.0115,0.136,0.8525
6815184,0.218083333333,0.275166666667,0.50675
6846582,0.0625,0.13925,0.79825
6940309,0.0650833333333,0.157,0.777916666667
6924056,0.0075,0.15,0.8425
6824481,0.0105,0.176,0.8135
6839735,0.0045,0.053625,0.941875
6900130,0.039,0.2485,0.7125
6946739,0.007,0.0465,0.9465
7144008,0.0445,0.1855,0.77
6863751,0.022,0.228,0.75
6820293,0.0565,0.4125,0.531
6818472,0.0135,0.187,0.7995
6832420,0.0595,0.2305,0.71
6879450,0.0005,0.036,0.9635
6943618,0.0385,0.295,0.6665
6883463,0.031,0.235,0.734
6834919,0.279,0.358458333333,0.362541666667
7505696,0.028,0.099,0.873
6903645,0.0385,0.37525,0.58625
6831148,0.321,0.2685,0.4105
6828948,0.0945,0.438666666667,0.466833333333
6878495,0.0355,0.351,0.6135
6924862,0.0045,0.051,0.9445
6887802,0.051,0.3985,0.5505
6903228,0.627,0.2225,0.1505
6947415,0.0,0.01,0.99
6941508,0.308916666667,0.346191666667,0.344891666667
6856111,0.0375,0.305,0.6575
7126808,0.043,0.2055,0.7515
6939857,0.044,0.225083333333,0.730916666667
6822528,0.326,0.2725,0.4015
6947631,0.1355,0.3185,0.546
6887810,0.0415,0.2135,0.745
6849210,0.0831666666667,0.424166666667,0.492666666667
6901742,0.001,0.0515,0.9475
6850925,0.35,0.395283333333,0.254716666667
7181995,0.1265,0.3165,0.557
6841559,0.003,0.0165,0.9805
6822957,0.1095,0.1225,0.768
6943349,0.0455,0.365091666667,0.589408333333
6923825,0.1215,0.281,0.5975
6871218,0.333333333333,0.340833333333,0.325833333333
6932761,0.1945,0.4765,0.329
7168983,0.0965,0.328666666667,0.574833333333
6853713,0.205738095238,0.354553571429,0.439708333333
6814124,0.0675,0.3325,0.6
6828980,0.0285,0.305,0.6665
6939747,0.0735,0.3178,0.6087
6862615,0.119375,0.4325,0.448125
6911182,0.066,0.249,0.685
6947421,0.1,0.234,0.666
7163662,0.0,0.0005,0.9995
6933362,0.187125,0.342375,0.4705
6822086,0.068,0.2695,0.6625
6939543,0.117,0.38075,0.50225
6882675,0.1245,0.4535,0.422
6925986,0.041,0.165,0.794
6927417,0.115,0.4825,0.4025
6824119,0.1575,0.2965,0.546
6923589,0.0845,0.314833333333,0.600666666667
7205380,0.015,0.092,0.893
6904992,0.1035,0.2338,0.6627
6857676,0.096,0.4855,0.4185
6942001,0.0605,0.538916666667,0.400583333333
7187800,0.054,0.24,0.706
6877985,0.235380952381,0.543564285714,0.221054761905
6821414,0.0255,0.153991666667,0.820508333333
6864512,0.03,0.21,0.76
6827448,0.063,0.339,0.598
6908603,0.0175,0.1665,0.816
7229431,0.1265,0.26075,0.61275
6887335,0.02,0.1065,0.8735
6882828,0.0815,0.3615,0.557
6899958,0.0275,0.14725,0.82525
6824008,0.16725,0.402333333333,0.430416666667
6903906,0.244125,0.328,0.427875
7115894,0.149,0.7225,0.1285
6941723,0.0325,0.4315,0.536
6839785,0.15,0.453,0.397
6886776,0.019,0.197,0.784
6916643,0.007,0.0375,0.9555
6913846,0.088,0.3501,0.5619
6890122,0.02,0.1105,0.8695
6835099,0.019,0.1835,0.7975
6945428,0.1275,0.405,0.4675
6887669,0.07625,0.34755,0.5762
6935132,0.0,0.002,0.998
6857587,0.038,0.2025,0.7595
6935498,0.117,0.402,0.481
6947868,0.1395,0.467,0.3935
6850003,0.0695,0.328125,0.602375
6852354,0.2635,0.2915,0.445
6919832,0.023,0.203,0.774
6812510,0.0565,0.39,0.5535
6896715,0.115666666667,0.23375,0.650583333333
7227507,0.0335,0.226,0.7405
6887453,0.051,0.351,0.598
6921056,0.1035,0.382,0.5145
6932635,0.285,0.47125,0.24375
6893393,0.014,0.088,0.898
6940659,0.1,0.3435,0.5565
6891517,0.005,0.0475,0.9475
6818991,0.066,0.31875,0.61525
6899307,0.1895,0.3265,0.484
7175517,0.0285,0.149354166667,0.822145833333
6895415,0.058,0.2915,0.6505
6945124,0.0545,0.2485,0.697
6878796,0.0525,0.293,0.6545
6901435,0.051,0.44,0.509
7098987,0.2085,0.227608333333,0.563891666667
6868925,0.14,0.3055,0.5545
6862452,0.2575,0.424,0.3185
6904865,0.008,0.0275,0.9645
6872445,0.0645,0.347,0.5885
6816856,0.1785,0.26675,0.55475
6910410,0.005,0.135,0.86
6847518,0.0225,0.375,0.6025
6860992,0.0555,0.419172619048,0.525327380952
7093387,0.0695,0.362,0.5685
6891540,0.278666666667,0.297333333333,0.424
6928645,0.025,0.065,0.91
6874105,0.039,0.283,0.678
6819576,0.183,0.357875,0.459125
6817538,0.015,0.103,0.882
6819741,0.484666666667,0.218833333333,0.2965
6878626,0.115,0.4495,0.4355
6901210,0.04175,0.23,0.72825
6888879,0.0945,0.563,0.3425
6888947,0.078,0.381833333333,0.540166666667
6883374,0.0105,0.0975,0.892
6836031,0.0235,0.1925,0.784
6851387,0.0195,0.1295,0.851
6907149,0.109,0.262,0.629
6882595,0.1845,0.1935,0.622
6816916,0.1265,0.4375,0.436
6878470,0.002,0.026,0.972
6865752,0.0425,0.235,0.7225
7217321,0.2065,0.55,0.2435
6944366,0.142333333333,0.308166666667,0.5495
6918425,0.2095,0.4175,0.373
6821736,0.0735,0.371,0.5555
6936271,0.1015,0.491,0.4075
6874179,0.1185,0.296,0.5855
7135281,0.0475,0.118166666667,0.834333333333
6942663,0.187,0.429,0.384
6903026,0.19825,0.33075,0.471
6824421,0.015,0.131916666667,0.853083333333
6820128,0.005,0.134,0.861
6850604,0.049,0.182,0.769
7120955,0.022,0.188,0.79
6847409,0.0455,0.224,0.7305
7056210,0.0995,0.386583333333,0.513916666667
6939935,0.025,0.145,0.83
6844699,0.067,0.2255,0.7075
6833246,0.107,0.31625,0.57675
6845220,0.089,0.491,0.42
6824273,0.2375,0.479,0.2835
6873326,0.161375,0.378875,0.45975
6941227,0.0305,0.306,0.6635
6899355,0.0015,0.0495,0.949
6880235,0.1445,0.225,0.6305
6850018,0.1545,0.3835,0.462
6818489,0.0615,0.502,0.4365
7159592,0.039,0.20275,0.75825
7200711,0.125666666667,0.296166666667,0.578166666667
6842278,0.0465,0.1825,0.771
6829488,0.025,0.205,0.77
6916976,0.104,0.26,0.636
6863573,0.0535,0.41975,0.52675
6900303,0.0415,0.15,0.8085
6830686,0.1995,0.3665,0.434
7088285,0.1555,0.313375,0.531125
6875119,0.192616666667,0.379933333333,0.42745
6852969,0.085,0.2415,0.6735
6834964,0.0435,0.13525,0.82125
6888066,0.049,0.458,0.493
6862580,0.0335,0.296,0.6705
6902903,0.077,0.6603,0.2627
6940227,0.0225,0.162,0.8155
7094978,0.064,0.5355,0.4005
6849775,0.0295,0.248,0.7225
6852514,0.063,0.425,0.512
6908752,0.26,0.2475,0.4925
6926813,0.0555,0.4305,0.514
6867168,0.0255,0.1585,0.816
6916938,0.009,0.1625,0.8285
7217282,0.32,0.342,0.338
6830318,0.5335,0.2435,0.223
6841129,0.128,0.2815,0.5905
6933898,0.0665,0.2555,0.678
6852224,0.1675,0.407333333333,0.425166666667
6855108,0.223,0.512,0.265
6857681,0.1055,0.46175,0.43275
7167282,0.007,0.06,0.933
6939214,0.1265,0.277,0.5965
6922283,0.298,0.395,0.307
6859605,0.0105,0.0355,0.954
6904148,0.063,0.2905,0.6465
6882954,0.127,0.489,0.384
6939093,0.069,0.16925,0.76175
6831383,0.0188333333333,0.218,0.763166666667
6894471,0.024,0.221333333333,0.754666666667
6931008,0.1125,0.4985,0.389
6838588,0.0385,0.2225,0.739
6851730,0.0435,0.215,0.7415
6911988,0.019,0.25,0.731
6814325,0.0685,0.3275,0.604
6838809,0.242,0.3065,0.4515
6822777,0.1125,0.303,0.5845
6887378,0.113166666667,0.338075,0.548758333333
6913098,0.0035,0.093,0.9035
6936520,0.220833333333,0.555297619048,0.223869047619
6837850,0.1035,0.19875,0.69775
6918818,0.00575,0.1625,0.83175
6897497,0.009,0.0425,0.9485
6936577,0.081875,0.4075,0.510625
6826594,0.1425,0.544,0.3135
6865047,0.0295,0.34,0.6305
6823879,0.081,0.4975,0.4215
6914868,0.5595,0.260833333333,0.179666666667
6863654,0.001,0.04,0.959
6907061,0.1695,0.2975,0.533
7180725,0.0835,0.3755,0.541
7205244,0.069,0.4535,0.4775
6856962,0.234,0.275166666667,0.490833333333
6885323,0.024,0.0865,0.8895
6912379,0.5955,0.164625,0.239875
6858148,0.0605,0.2315,0.708
6814582,0.0958333333333,0.308666666667,0.5955
6940703,0.0525,0.4405,0.507
7181144,0.0645,0.239,0.6965
6825868,0.081,0.214,0.705
6889020,0.077,0.287,0.636
6869287,0.003,0.014,0.983
6871054,0.195,0.4642,0.3408
6870018,0.027875,0.207125,0.765
6895217,0.0555,0.3105,0.634
6855875,0.0524166666667,0.139583333333,0.808
7185369,0.0565,0.43175,0.51175
6848724,0.227,0.343683333333,0.429316666667
6912010,0.0885,0.449,0.4625
6911483,0.184158333333,0.404841666667,0.411
6826557,0.067,0.4695,0.4635
6893666,0.016,0.141,0.843
6946801,0.1995,0.2885,0.512
6871189,0.0415,0.102416666667,0.856083333333
6844700,0.184133333333,0.459833333333,0.356033333333
6832474,0.0195,0.1445,0.836
6922129,0.0305,0.24625,0.72325
6941269,0.0575,0.2515,0.691
6850111,0.013,0.145,0.842
6871721,0.031,0.159416666667,0.809583333333
6834277,0.0225,0.19475,0.78275
6815020,0.14425,0.293235714286,0.562514285714
6839790,0.153,0.511,0.336
6929149,0.043,0.439,0.518
6832299,0.193833333333,0.298483333333,0.507683333333
6908265,0.0175,0.217416666667,0.765083333333
6819513,0.098,0.240333333333,0.661666666667
6922046,0.1295,0.3085,0.562
6911700,0.024,0.259,0.717
7132375,0.2575,0.335416666667,0.407083333333
6826330,0.0675,0.417,0.5155
6892358,0.238,0.355,0.407
6844735,0.0885416666667,0.246208333333,0.66525
6830282,0.0225,0.0936166666667,0.883883333333
6831883,0.057,0.303166666667,0.639833333333
6861551,0.165583333333,0.38175,0.452666666667
6857472,0.054,0.2635,0.6825
6844170,0.119558333333,0.477275,0.403166666667
6870992,0.227,0.2678,0.5052
6824420,0.0615,0.234291666667,0.704208333333
6842673,0.0655,0.258633333333,0.675866666667
6870166,0.661916666667,0.154583333333,0.1835
6923521,0.023,0.2095,0.7675
6923067,0.094,0.365,0.541
7102369,0.0545,0.514,0.4315
6918324,0.051,0.3685,0.5805
6875753,0.006,0.1215,0.8725
6858106,0.111,0.449,0.44
6945544,0.056,0.3045,0.6395
6843762,0.003,0.0165,0.9805
6916249,0.0135,0.077,0.9095
6881283,0.117833333333,0.337666666667,0.5445
6905410,0.007,0.094,0.899
6892408,0.198416666667,0.360083333333,0.4415
6930990,0.21625,0.49325,0.2905
6835400,0.003,0.03175,0.96525
6867680,0.0695,0.36975,0.56075
6910555,0.079,0.1835,0.7375
7178838,0.067,0.2195,0.7135
6925050,0.033,0.275166666667,0.691833333333
6831230,0.377166666667,0.326833333333,0.296
6884393,0.327,0.395,0.278
6850763,0.304,0.359645833333,0.336354166667
6835259,0.0025,0.0155,0.982
6878793,0.0095,0.0275,0.963
6843709,0.066,0.2185,0.7155
6880861,0.2035,0.3005,0.496
6927246,0.1615,0.3705,0.468
6884364,0.181791666667,0.472708333333,0.3455
6932934,0.0195,0.2565,0.724
6943694,0.156,0.3755,0.4685
6831730,0.005,0.0605,0.9345
6844928,0.2455,0.395833333333,0.358666666667
6885511,0.2375,0.329166666667,0.433333333333
6844807,0.2515,0.438,0.3105
6817080,0.03,0.227,0.743
6851413,0.0355,0.2695,0.695
6918623,0.0095,0.19675,0.79375
6932080,0.263,0.4225,0.3145
7117345,0.0005,0.0055,0.994
6821425,0.09025,0.293166666667,0.616583333333
6924403,0.1455,0.1665,0.688
6854123,0.0265,0.1595,0.814
6852889,0.134,0.214,0.652
6866387,0.025,0.094,0.881
6858128,0.062,0.3195,0.6185
6905129,0.066,0.5375,0.3965
6932035,0.0445,0.305,0.6505
6884265,0.17425,0.43975,0.386
6936966,0.079,0.2745,0.6465
6881098,0.0285,0.1695,0.802
6869941,0.006,0.107,0.887
6864713,0.022,0.087,0.891
6905259,0.04,0.23,0.73
6889865,0.0565,0.475333333333,0.468166666667
6870562,0.082,0.39130952381,0.52669047619
7124351,0.057,0.179708333333,0.763291666667
6857644,0.04,0.2165,0.7435
6891045,0.4495,0.332,0.2185
6929039,0.098,0.4535,0.4485
6916229,0.024,0.1585,0.8175
6833556,0.255,0.3775,0.3675
6838951,0.093,0.384166666667,0.522833333333
6868487,0.059,0.1885,0.7525
6869690,0.2705,0.3705,0.359
6864005,0.174,0.366,0.46
6923234,0.088,0.316,0.596
6827182,0.189,0.286,0.525
7146069,0.084,0.161458333333,0.754541666667
6890503,0.0285,0.3115,0.66
6911066,0.075,0.266113095238,0.658886904762
6876163,0.106333333333,0.274541666667,0.619125
6920433,0.043,0.4825,0.4745
6826987,0.144,0.368,0.488
6831058,0.012,0.1215,0.8665
6944184,0.032,0.186,0.782
6868480,0.0675,0.1405,0.792
7097198,0.058,0.202333333333,0.739666666667
6914595,0.073,0.32,0.607
6879535,0.058,0.3105,0.6315
6900971,0.0305,0.1705,0.799
6878555,0.152666666667,0.352833333333,0.4945
6839324,0.0895,0.329,0.5815
6819925,0.028,0.078,0.894
6839386,0.073,0.3085,0.6185
6825584,0.0706904761905,0.37480952381,0.5545
7201758,0.06575,0.31025,0.624
6864463,0.126,0.4125,0.4615
6815348,0.0,0.0005,0.9995
6820756,0.07,0.290983333333,0.639016666667
6858699,0.0775,0.3475,0.575
6843115,0.113,0.243475,0.643525
6850824,0.024,0.1275,0.8485
6937635,0.1185,0.24225,0.63925
6828911,0.153,0.308666666667,0.538333333333
7154618,0.01825,0.23275,0.749
6939143,0.124,0.3515,0.5245
6823169,0.0345,0.246,0.7195
6924844,0.0705,0.394,0.5355
6815925,0.2635,0.382,0.3545
6947389,0.001,0.005,0.994
7203267,0.159,0.299166666667,0.541833333333
6825953,0.1865,0.28275,0.53075
6833542,0.06,0.4265,0.5135
6854302,0.022,0.227,0.751
6843122,0.0795,0.200833333333,0.719666666667
6851851,0.034,0.1495,0.8165
6879971,0.1065,0.2415,0.652
7136227,0.026,0.20625,0.76775
6925138,0.0255,0.2935,0.681
6875050,0.0565,0.124,0.8195
6935199,0.23,0.4485,0.3215
6848027,0.0665,0.383,0.5505
6904795,0.417,0.263925,0.319075
6818781,0.077,0.2425,0.6805
6871081,0.248166666667,0.374833333333,0.377
6888945,0.0355,0.226,0.7385
6925993,0.04975,0.2035,0.74675
6928183,0.2775,0.366,0.3565
6847449,0.0045,0.03975,0.95575
6857762,0.0445,0.407,0.5485
6942172,0.0934166666667,0.316083333333,0.5905
6916747,0.0445,0.224,0.7315
6813002,0.1735,0.19255,0.63395
6923932,0.0,0.001,0.999
6939669,0.087,0.271833333333,0.641166666667
6854566,0.0435,0.168,0.7885
6909019,0.0743333333333,0.335166666667,0.5905
6869921,0.0335,0.135,0.8315
6864519,0.031,0.3125,0.6565
6849438,0.1135,0.266166666667,0.620333333333
6916590,0.0985,0.378,0.5235
6947299,0.0700833333333,0.3085,0.621416666667
7152604,0.0055,0.0105,0.984
6894914,0.27875,0.12425,0.597
6914502,0.0285,0.107,0.8645
6820113,0.493,0.222733333333,0.284266666667
6924106,0.041,0.270225,0.688775
6840817,0.044,0.2665,0.6895
6913090,0.1315,0.3895,0.479
6934517,0.1215,0.471,0.4075
7152770,0.0835,0.1155,0.801
6868529,0.0965,0.415916666667,0.487583333333
6836709,0.0055,0.04775,0.94675
6868506,0.0115,0.2415,0.747
6941712,0.0815,0.2315,0.687
6932760,0.055,0.405,0.54
6850191,0.1577,0.2298,0.6125
6878745,0.218,0.4615,0.3205
7094259,0.095625,0.308375,0.596
6831807,0.311041666667,0.253458333333,0.4355
6891698,0.018,0.179,0.803
6923465,0.1585,0.3805,0.461
6899213,0.12225,0.481558333333,0.396191666667
6923804,0.0135,0.152166666667,0.834333333333
6918979,0.00616666666667,0.0485,0.945333333333
6862421,0.035,0.1995,0.7655
6900993,0.043,0.348,0.609
6861580,0.0285,0.4155,0.556
6906474,0.0125,0.0356666666667,0.951833333333
6847010,0.277,0.3215,0.4015
6817985,0.0385,0.135125,0.826375
6879738,0.181,0.4165,0.4025
7169995,0.0245,0.246816666667,0.728683333333
6901359,0.026,0.254,0.72
6837382,0.01,0.0685,0.9215
6874250,0.274375,0.364875,0.36075
6886924,0.0375,0.1655,0.797
6894687,0.009,0.028,0.963
6937873,0.13,0.29,0.58
6852900,0.1195,0.3115,0.569
6929432,0.1065,0.3625,0.531
6844489,0.0595,0.2385,0.702
6844561,0.0945,0.2835,0.622
6933747,0.162,0.3525,0.4855
6940885,0.0175,0.0795,0.903
6873782,0.182,0.3735,0.4445
6882375,0.0635,0.44505,0.49145
6878769,0.0335,0.33125,0.63525
6827016,0.0865,0.364,0.5495
6820773,0.341,0.255,0.404
6921124,0.1125,0.288,0.5995
6817935,0.17975,0.32875,0.4915
7144533,0.086,0.40475,0.50925
6813648,0.1365,0.18075,0.68275
6834670,0.104075,0.237,0.658925
6878185,0.0655,0.449,0.4855
6923378,0.03075,0.3865,0.58275
6932252,0.1005,0.223,0.6765
6857065,0.0025,0.0435,0.954
7169899,0.072,0.317,0.611
6887074,0.0795,0.199583333333,0.720916666667
6849463,0.0755,0.3805,0.544
6934153,0.0405,0.285625,0.673875
7116464,0.1545,0.25,0.5955
6897412,0.0595,0.1935,0.747
6925887,0.0585,0.537166666667,0.404333333333
6848650,0.0715,0.258833333333,0.669666666667
6818453,0.376,0.254,0.37
6943153,0.0225,0.263,0.7145
6946348,0.561083333333,0.272316666667,0.1666
6878770,0.0465,0.3145,0.639
6827664,0.0335,0.284033333333,0.682466666667
6922984,0.0455,0.119,0.8355
6864544,0.0735,0.2785,0.648
6931437,0.01,0.0795,0.9105
7171071,0.0655,0.3195,0.615
6908215,0.106,0.4507,0.4433
6813875,0.1469,0.3696,0.4835
6845221,0.073,0.5435,0.3835
6900902,0.0715,0.297125,0.631375
6925197,0.1385,0.2755,0.586
6850783,0.0075,0.01875,0.97375
6869002,0.0675,0.3415,0.591
7172791,0.0405,0.222666666667,0.736833333333
6936176,0.0055,0.011,0.9835
6839462,0.330666666667,0.266833333333,0.4025
6828651,0.121,0.359,0.52
6912630,0.067,0.2575,0.6755
6925870,0.0465,0.212,0.7415
6823876,0.0565,0.5155,0.428
6932538,0.024,0.189,0.787
6905724,0.086,0.2915,0.6225
6872564,0.003,0.012,0.985
6821027,0.073,0.2805,0.6465
6943747,0.2735,0.2795,0.447
7150854,0.0065,0.0160833333333,0.977416666667
7140107,0.044,0.1675,0.7885
6925056,0.0865,0.331116666667,0.582383333333
6908834,0.116,0.23025,0.65375
6841620,0.106,0.2725,0.6215
6927175,0.145383333333,0.56,0.294616666667
6911333,0.107833333333,0.302041666667,0.590125
6936227,0.1125,0.261,0.6265
6935640,0.1395,0.503,0.3575
6901738,0.044,0.3115,0.6445
6849053,0.3725,0.337833333333,0.289666666667
6879561,0.206,0.4065,0.3875
7166280,0.376,0.372316666667,0.251683333333
6889409,0.018,0.229,0.753
6898181,0.008,0.0335,0.9585
6881507,0.001,0.0295,0.9695
6895263,0.0005,0.0785,0.921
6830090,0.2325,0.28275,0.48475
7215380,0.1205,0.456,0.4235
6817698,0.062,0.2945,0.6435
6906566,0.376016666667,0.300458333333,0.323525
6894990,0.076,0.296,0.628
6873889,0.1781,0.574941666667,0.246958333333
6879553,0.022,0.3045,0.6735
6878327,0.273,0.358,0.369
